[2, 0.04652190336313181]
[3, 0.06451267034439596]
[4, 0.20777258380461808]
[6, 0.6735992616654]
[9, 0.21242328261450685]
[12, 0.38340165376619556]
[18, 0.2824884577460869]
[2, 0.03162083892577514]
[3, 0.05719461789482853]
[4, 0.12902177853314734]
[6, 0.26386729103548967]
[9, 0.3144081996801873]
[12, 0.2723996220587341]
[18, 0.33796371305228606]
[2, 0.1817022321590351]
[3, 0.20593243051879778]
[4, 0.463405657896502]
[6, 0.27509779931625666]
[9, 0.25873224862299377]
[12, 0.21696064507275817]
[18, 0.3425017275997661]
[2, 0.025056106822722347]
[3, 0.3549836466674353]
[4, 0.10679406510450816]
[6, 0.33800120789751215]
[9, 0.06891026674548914]
[12, 0.3251830905133904]
[18, 0.2552964892423631]
[2, 0.6682128591243104]
[3, 0.07715149766576895]
[4, 0.23233042031795115]
[6, 0.33491113389752664]
[9, 0.5256357560055471]
[12, 0.32279420366806155]
[18, 0.20482040126297063]
