[2, [[0, 65.01327970948554], [1, 65.00835271420509], [2, 65.00903638820456], [3, 65.0249774755695], [4, 65.04967485611031], [5, 65.10681504486423], [6, 65.1637558282031], [7, 62.67727541380388], [8, 59.937806439250295], [9, 55.510151263960964], [10, 51.97756921855778], [11, 48.99952243731441], [12, 45.99745966805877], [13, 42.94542295596992], [14, 43.405304110269], [15, 42.589168212252666], [16, 41.975328318442216], [17, 41.40597986740512], [18, 42.315965909590076], [19, 41.93971850541833], [20, 36.08232735579764], [21, 35.62806014445035]]]
[3, [[0, 65.69330077626368], [1, 65.15899413027121], [2, 65.15972976728183], [3, 65.2875789567479], [4, 65.45243026494357], [5, 65.27741863502975], [6, 64.0313968761484], [7, 59.09791498188073], [8, 56.683307877913485], [9, 47.98514847742333], [10, 40.9802422476549], [11, 36.02975404212152], [12, 34.82121625467326], [13, 36.007104141644575], [14, 36.16480909531509], [15, 30.204139933807397], [16, 33.77431402752035], [17, 30.110663183881602], [18, 24.58116115154757], [19, 20.002189144416736], [20, 25.120027467466283], [21, 24.2595286500418]]]
[4, [[0, 68.04473841246342], [1, 66.2861273366054], [2, 66.18754958241968], [3, 66.38119242812515], [4, 65.93807645286076], [5, 63.443143361155144], [6, 57.2382189379112], [7, 50.92018122642421], [8, 48.862372269200826], [9, 47.45087338209191], [10, 46.45809052838218], [11, 44.33012053832594], [12, 39.320716083618926], [13, 41.18621675778155], [14, 44.12738949749134], [15, 40.626323899301134], [16, 41.032862686022334], [17, 39.669670296100556], [18, 35.89835880057723], [19, 41.90729661214603], [20, 41.123389124308815], [21, 34.88159227245794]]]
[5, [[0, 70.00983939363665], [1, 67.86486763227421], [2, 67.42957379844404], [3, 67.04069837964387], [4, 65.47574217242327], [5, 57.10133172927849], [6, 49.381386002261664], [7, 49.57106114264447], [8, 50.51758576659414], [9, 50.35050396130829], [10, 48.16632223796831], [11, 46.48123274547256], [12, 43.12831431882679], [13, 45.6748014967158], [14, 44.02156549280983], [15, 41.33706261715144], [16, 42.881550127613366], [17, 41.62867289189586], [18, 39.383458071602774], [19, 39.00748028376812], [20, 35.777446031477844], [21, 37.847248881171765]]]
[6, [[0, 70.86767155703784], [1, 69.19959624118782], [2, 68.35992655403747], [3, 68.41115170147225], [4, 66.74722819116667], [5, 53.189318536200346], [6, 45.02929850967613], [7, 43.19766788221886], [8, 45.75233737062518], [9, 46.08510398176708], [10, 42.663579305265344], [11, 41.847774669805], [12, 38.8387097527244], [13, 42.09369314698283], [14, 42.633921059857855], [15, 38.626625011136596], [16, 40.78977868322731], [17, 39.43974772722951], [18, 39.466193167427875], [19, 37.96281536748206], [20, 37.60522583935375], [21, 39.51614533307836]]]
[8, [[0, 68.26305658134697], [1, 69.22321859055967], [2, 68.4768002445652], [3, 62.96252499606703], [4, 46.590228237725235], [5, 37.50821240682339], [6, 36.785433257483874], [7, 39.7257095474296], [8, 43.59736221762531], [9, 45.99562061303988], [10, 40.91517669745941], [11, 40.52620692016405], [12, 39.88744345509138], [13, 40.6786940191317], [14, 41.32940162869848], [15, 35.99738162901024], [16, 36.27149288684332], [17, 36.314050233904794], [18, 34.6449682248268], [19, 34.224164319999076], [20, 34.204910683405885], [21, 34.743317896839436]]]
[10, [[0, 59.30557640218282], [1, 65.12275557351128], [2, 65.53368618512127], [3, 60.603477040357625], [4, 43.85800530677504], [5, 37.354248454215806], [6, 37.63137121477162], [7, 38.91567400401886], [8, 42.82868436061466], [9, 45.71263561399353], [10, 46.374275467404495], [11, 47.79718024962551], [12, 43.83771644894291], [13, 44.49356335647307], [14, 44.11177271544087], [15, 42.914244346752305], [16, 44.747898934685395], [17, 41.70894035325106], [18, 40.15355319697387], [19, 37.56869893559612], [20, 37.627605304162714], [21, 36.81107808831222]]]
[12, [[0, 46.72740049592471], [1, 55.62409574912375], [2, 58.16975689487034], [3, 54.775114369767095], [4, 40.04700994924596], [5, 31.60544733414144], [6, 29.616046333875882], [7, 33.33109628511465], [8, 38.807289970676706], [9, 40.78485521285243], [10, 43.46247412780644], [11, 43.6777414889203], [12, 45.73099513272725], [13, 45.42561904344645], [14, 43.55065426130524], [15, 43.01437964681336], [16, 41.17245110367618], [17, 43.87170326163981], [18, 40.083350686496246], [19, 40.63725204791621], [20, 38.523463202492444], [21, 37.87020039920411]]]
[15, [[0, 33.627877456214506], [1, 41.04978792094113], [2, 46.422788920920226], [3, 46.43651464450657], [4, 37.62523614904201], [5, 31.01480676824686], [6, 32.466059400290476], [7, 34.55609038593599], [8, 36.50797465110828], [9, 39.9235123496705], [10, 43.512513148433555], [11, 45.77132778159253], [12, 44.45978103845577], [13, 41.8868403974591], [14, 41.89762445910075], [15, 45.661454326647274], [16, 42.97480526312727], [17, 44.50727619325548], [18, 40.83144590158955], [19, 43.595669626845826], [20, 42.983303343061074], [21, 42.85290183653879]]]
[16, [[0, 31.20120834735246], [1, 37.55865725910145], [2, 42.723678965806954], [3, 42.474092106183775], [4, 34.950797613815354], [5, 31.473763695541663], [6, 32.56520035842961], [7, 35.65404936754116], [8, 38.48114668661886], [9, 37.915998924563226], [10, 42.49761585880357], [11, 42.315413206660615], [12, 41.87709861651009], [13, 40.58325827354244], [14, 43.129620976435746], [15, 46.02786361522207], [16, 42.2317329925397], [17, 39.84638121802678], [18, 37.76751188355731], [19, 37.19323709950256], [20, 34.94234854203056], [21, 37.35972367989778]]]
[20, [[0, 26.47450344912988], [1, 29.127720123537937], [2, 33.70068907895578], [3, 35.38170013939526], [4, 32.998239720422916], [5, 30.141397042503332], [6, 28.721806033575305], [7, 29.84254232719953], [8, 32.81271554214359], [9, 38.164920195540425], [10, 41.22063084631067], [11, 41.53677223968669], [12, 42.26573595122467], [13, 45.95025499110095], [14, 44.544230802464625], [15, 44.482463614854446], [16, 42.92064642317281], [17, 47.64426799914219], [18, 45.68704213412754], [19, 44.908324650567714], [20, 46.83275071238733], [21, 45.73655634106292]]]
[24, [[0, 25.38356272221682], [1, 26.230363012455534], [2, 28.404709584481836], [3, 30.289459047647238], [4, 29.514002779664388], [5, 28.879815999177517], [6, 29.89652805314486], [7, 31.57803900659641], [8, 35.359356077543254], [9, 37.85871643279635], [10, 40.92874398425527], [11, 42.39521595217023], [12, 43.64308616214351], [13, 42.30611531538471], [14, 46.367161799314324], [15, 43.56345050005979], [16, 41.082584719535305], [17, 43.164362347902376], [18, 40.11894908624756], [19, 42.336674503240054], [20, 43.72812760951055], [21, 39.80391892008033]]]
[30, [[0, 25.05564594159048], [1, 25.230391918186665], [2, 26.001823161868177], [3, 27.158051861696457], [4, 27.01853022223803], [5, 28.04857342245215], [6, 28.644332616647635], [7, 33.3505175049456], [8, 37.296527106469], [9, 41.48866648420367], [10, 41.83394266728023], [11, 41.33064690215239], [12, 42.8109892739478], [13, 42.46903601913781], [14, 42.67492501424627], [15, 41.84308140055461], [16, 42.03802337337375], [17, 44.9648036495589], [18, 43.634469667849956], [19, 40.553080125786025], [20, 44.41335817554079], [21, 42.52243124914192]]]
[40, [[0, 25.00321773913176], [1, 25.01495160878052], [2, 25.14336727345031], [3, 25.425884356795038], [4, 26.1155915692749], [5, 26.61592790168849], [6, 26.903964981830097], [7, 28.548211933751023], [8, 29.5091540316765], [9, 35.398329064996375], [10, 38.071022639370064], [11, 43.0106310022143], [12, 42.16410855935994], [13, 43.727533965707416], [14, 43.636684874663835], [15, 42.356977033942], [16, 41.92260130645265], [17, 42.131470856698634], [18, 41.874454693375014], [19, 42.82145762181073], [20, 39.309868781934206], [21, 38.209692080382055]]]
[48, [[0, 25.000478699487275], [1, 25.001499843234992], [2, 25.027775961290942], [3, 25.15208507785221], [4, 25.44498750839159], [5, 25.70851884050737], [6, 26.25688184078626], [7, 26.518443435258476], [8, 28.58745493347763], [9, 31.98820991821442], [10, 35.06496503419232], [11, 37.48727203923167], [12, 39.806686977326365], [13, 39.74832820158137], [14, 42.44762371482129], [15, 43.914511249797094], [16, 43.48473488736731], [17, 43.010617241012596], [18, 45.568393585811044], [19, 46.12323620568505], [20, 43.70900382162833], [21, 44.300308533769304]]]
[60, [[0, 25.000031440810563], [1, 25.000078936609853], [2, 25.00675573536333], [3, 25.067093729522647], [4, 25.188913698026315], [5, 25.589151616917352], [6, 25.999880569843913], [7, 27.63555677486145], [8, 31.055238717467706], [9, 35.651668116899344], [10, 35.21010946898668], [11, 38.96003471824644], [12, 40.83841467007257], [13, 41.40523437698692], [14, 39.855078134101895], [15, 40.777510226506884], [16, 40.24541228457519], [17, 40.839451294619046], [18, 40.354838257956494], [19, 38.902522564774145], [20, 34.37662242013837], [21, 35.1378654724048]]]
[80, [[0, 25.000000538821457], [1, 25.0000003923876], [2, 25.001583245845453], [3, 25.007660077527564], [4, 25.035638889518374], [5, 25.608856498998065], [6, 26.250931310097272], [7, 29.19215105718452], [8, 30.215887825031913], [9, 33.421143308651565], [10, 34.73603314020667], [11, 36.99998092798905], [12, 39.98781164753364], [13, 40.263782044890014], [14, 43.4854599275975], [15, 40.83501444142721], [16, 40.52344959123277], [17, 38.28130205116917], [18, 38.18525435787591], [19, 38.40278121334865], [20, 41.358791829597614], [21, 41.37305846488962]]]
[120, [[0, 25.00000000017603], [1, 25.00000000001418], [2, 25.000415337970193], [3, 25.000580985703234], [4, 25.016261347234458], [5, 25.00585899300718], [6, 25.125521816893947], [7, 25.455646140939464], [8, 26.99431354739804], [9, 30.402187654440635], [10, 32.066063586446], [11, 35.66734897416463], [12, 35.68690782753946], [13, 37.37461143025085], [14, 36.17210694926672], [15, 38.76130989872014], [16, 37.2896466257495], [17, 39.543590229743415], [18, 37.84612454098292], [19, 38.625463650559354], [20, 37.10577778094603], [21, 38.82560330730825]]]
[2, [[0, 65.0133198221543], [1, 65.00822001758708], [2, 65.01270249331616], [3, 65.02657645280317], [4, 65.03347214448036], [5, 65.2438213328043], [6, 64.28174822834407], [7, 61.89051070905849], [8, 59.16735634502439], [9, 50.29826922222399], [10, 40.618649809260766], [11, 41.74931339480829], [12, 43.26575334585136], [13, 37.21593517471118], [14, 38.25204872086243], [15, 34.80526158604264], [16, 37.036582618151634], [17, 34.98852016991389], [18, 35.6554955004518], [19, 37.83169852671884], [20, 34.78476552627486], [21, 35.652365436284974]]]
[3, [[0, 65.67015007797795], [1, 65.1733915697034], [2, 65.24386430840534], [3, 65.37843854706739], [4, 65.70795833548345], [5, 65.6653706644316], [6, 63.727741465216994], [7, 59.53543892443411], [8, 52.89423021305109], [9, 50.72556204010466], [10, 47.41875360340129], [11, 48.08549040078828], [12, 44.84694554772134], [13, 42.05569609987417], [14, 46.21276842379934], [15, 41.41332271437309], [16, 43.64805729170321], [17, 44.01735675734598], [18, 43.553926410508446], [19, 42.87320633438791], [20, 41.84771815092531], [21, 38.751835811368636]]]
[4, [[0, 67.92612835485464], [1, 66.24494122546712], [2, 66.20301685246865], [3, 66.7124265599768], [4, 66.80376184451814], [5, 65.58472072446594], [6, 58.287814238281975], [7, 54.3628122030113], [8, 54.32232162369365], [9, 50.02808342319529], [10, 45.19942420133942], [11, 45.495791307122055], [12, 42.113460962170144], [13, 45.46343600881154], [14, 39.20194474894246], [15, 42.25815855249207], [16, 41.69001726098261], [17, 41.867157303005996], [18, 41.66762812008299], [19, 39.252505636248316], [20, 37.68704153763865], [21, 37.404404151749986]]]
[5, [[0, 70.01553741887423], [1, 67.86265894383308], [2, 67.47437030479308], [3, 67.62627948457998], [4, 67.23424364772066], [5, 63.912535222188154], [6, 57.02440705950661], [7, 52.60902216756639], [8, 52.291031666650035], [9, 53.583032498605775], [10, 52.211473193847844], [11, 48.52145429407453], [12, 45.59636060677466], [13, 45.57934163318038], [14, 44.89803704032492], [15, 41.375118923042606], [16, 41.14557040821698], [17, 38.1548373714037], [18, 38.03410066486285], [19, 37.84659274874139], [20, 36.25086892438475], [21, 32.61835364815763]]]
[6, [[0, 70.86252179101002], [1, 69.1964687704886], [2, 68.69663573641577], [3, 68.12455032899487], [4, 62.311864871921706], [5, 50.60674910870479], [6, 47.427937668122425], [7, 47.86251305686011], [8, 47.41604469863095], [9, 48.53180100745396], [10, 46.79724243869995], [11, 43.78822785099029], [12, 40.46087295236957], [13, 37.94171957568121], [14, 41.34257330976286], [15, 39.32729198387311], [16, 39.491317437144254], [17, 41.611201196546844], [18, 41.288715445131416], [19, 40.16703698542561], [20, 39.14868750975171], [21, 37.29928901012409]]]
[8, [[0, 68.20268558618976], [1, 69.11817063216903], [2, 68.58660729561943], [3, 65.73764000500022], [4, 53.11356760892439], [5, 40.28414655181347], [6, 36.53238878522369], [7, 39.47402385439993], [8, 41.891630167621386], [9, 43.83333570570066], [10, 46.179008265507], [11, 39.71013675286132], [12, 41.01550110884338], [13, 36.38474703132772], [14, 36.42846049565875], [15, 34.27176235942022], [16, 31.73913165958801], [17, 31.750521212779404], [18, 30.330225881962768], [19, 32.76508582557139], [20, 31.44368176249847], [21, 29.911238500878326]]]
[10, [[0, 59.11610933358714], [1, 64.67541929029498], [2, 64.16912618146027], [3, 59.34259865325957], [4, 45.45255342715518], [5, 37.17263875389417], [6, 36.07850569652634], [7, 38.56304137756544], [8, 41.381170156504986], [9, 45.68455128445183], [10, 43.33538496215227], [11, 42.32389949375836], [12, 38.587783224867714], [13, 41.5487103025614], [14, 38.572312357174816], [15, 39.987608544720196], [16, 35.92363137607274], [17, 37.016053106098965], [18, 35.266035508453946], [19, 33.21417711848236], [20, 30.17650231838113], [21, 32.06016332596864]]]
[12, [[0, 46.975459212736126], [1, 56.07221995237543], [2, 58.52901982323856], [3, 53.63237657009867], [4, 41.87639092817469], [5, 37.29204418889343], [6, 35.91384400534815], [7, 38.45011919781321], [8, 41.624786274234324], [9, 45.23943408065797], [10, 46.34057873365631], [11, 44.3141296215971], [12, 46.822065484435925], [13, 42.999591726731765], [14, 41.40292816235647], [15, 38.768078357437844], [16, 40.70357784677513], [17, 38.47336463206613], [18, 39.740917834794985], [19, 38.559143184440934], [20, 37.21664752230187], [21, 38.75521161577494]]]
[15, [[0, 33.679553137021045], [1, 41.69360624135353], [2, 47.24785747572102], [3, 47.69680267299602], [4, 38.08775068521624], [5, 31.49849709592148], [6, 31.03213069661067], [7, 33.84095168249426], [8, 36.288400347399225], [9, 40.16782878221794], [10, 43.976894661380065], [11, 43.73489179326471], [12, 45.32835182327995], [13, 44.97961595318994], [14, 45.036204119277734], [15, 46.70763012222545], [16, 45.917548618200044], [17, 43.68819100983551], [18, 42.973093469897144], [19, 42.20493564635683], [20, 44.61477830304812], [21, 43.97524033191625]]]
[16, [[0, 31.087391343733895], [1, 38.62499826520405], [2, 44.83154489090022], [3, 44.67219475190621], [4, 38.97298104584981], [5, 33.378934842083915], [6, 33.51472823218751], [7, 34.71921835268543], [8, 39.30511939516114], [9, 44.41535069934024], [10, 47.09505204783687], [11, 46.868332883495654], [12, 45.02723740081907], [13, 45.62027985408726], [14, 42.304457460154296], [15, 43.5045054093224], [16, 43.91865251679737], [17, 44.08964100065146], [18, 46.68152748805805], [19, 42.60471833779494], [20, 44.22480986132203], [21, 42.98488429595977]]]
[20, [[0, 26.475150703407472], [1, 29.13827109640632], [2, 33.31770245584888], [3, 34.42095902266472], [4, 30.80094297043435], [5, 28.25752109611667], [6, 28.07054169400931], [7, 28.28951460009965], [8, 33.18795955722417], [9, 36.84317026909462], [10, 40.86377014328562], [11, 43.10271046948093], [12, 44.35875618889889], [13, 46.85988600757561], [14, 42.346208783202556], [15, 44.40971158314547], [16, 45.838661107448424], [17, 43.64536157836983], [18, 46.34021016756063], [19, 45.49972064860869], [20, 45.43157474842388], [21, 43.3369594689693]]]
[24, [[0, 25.37687594869364], [1, 26.422509106527425], [2, 28.136158042566326], [3, 29.977327407751016], [4, 30.331388630214335], [5, 28.334095898126424], [6, 28.0506234570469], [7, 31.059629435767093], [8, 36.047771023060044], [9, 40.81975717425336], [10, 42.643687689612044], [11, 41.18554514966855], [12, 42.42785827661347], [13, 44.30792426022472], [14, 43.01552971003933], [15, 41.45216359842205], [16, 42.75448166155817], [17, 42.573119573678824], [18, 39.58573591112495], [19, 43.230153758332065], [20, 39.62570148452732], [21, 38.65731936467875]]]
[30, [[0, 25.05792545532306], [1, 25.244399216280087], [2, 25.817776418539083], [3, 26.910533833876276], [4, 27.366248178597516], [5, 27.592713998510963], [6, 28.403861870911978], [7, 29.528623523174975], [8, 31.738843256989192], [9, 35.02092175759532], [10, 36.89379953242456], [11, 43.003489395689904], [12, 44.46228139634979], [13, 44.69784494258317], [14, 45.5520639608571], [15, 45.1566671642183], [16, 42.95642768080246], [17, 44.31519480884391], [18, 41.22490815027327], [19, 41.40050518480883], [20, 39.11647079667996], [21, 40.536999164742376]]]
[40, [[0, 25.00325838734706], [1, 25.013802707440497], [2, 25.118177474965407], [3, 25.31837207043877], [4, 26.017754293613056], [5, 26.70631476986849], [6, 26.987850794338716], [7, 28.48168402573133], [8, 30.617139867860388], [9, 34.93227112369963], [10, 36.56214297795864], [11, 34.656957172762034], [12, 37.367028390890106], [13, 37.26222314360174], [14, 36.3365659758005], [15, 37.65370845441199], [16, 37.24357069578954], [17, 41.780962137774644], [18, 40.539078022765686], [19, 43.865153187049046], [20, 40.12031583833747], [21, 39.21157440668901]]]
[48, [[0, 25.000471846119247], [1, 25.001541865664596], [2, 25.02927814326382], [3, 25.140465686808], [4, 25.369901880009003], [5, 25.80733517108629], [6, 26.03505297321893], [7, 28.33402124366949], [8, 29.48271949391158], [9, 32.92398603685145], [10, 38.722578347679985], [11, 36.9329499874369], [12, 38.45949786667511], [13, 39.21857342371058], [14, 40.451816432450556], [15, 41.28851421389692], [16, 42.263596192592296], [17, 42.29344788916241], [18, 41.79299257970457], [19, 41.80375692741891], [20, 40.46558187934896], [21, 39.38919213181235]]]
[60, [[0, 25.000032350466125], [1, 25.000071590480726], [2, 25.00551773703978], [3, 25.016551602781657], [4, 25.145669408631143], [5, 25.5594406779132], [6, 26.84318796091648], [7, 28.35908072239313], [8, 30.052442403391563], [9, 32.877144279331354], [10, 35.08580012595671], [11, 36.67189773804266], [12, 38.44549341703759], [13, 39.747888743334904], [14, 36.68105470235567], [15, 37.778929098077555], [16, 40.01551521997505], [17, 39.93732633986351], [18, 39.90392316859839], [19, 39.662729851695225], [20, 38.615348033090584], [21, 44.37603277548458]]]
[80, [[0, 25.000000543159473], [1, 25.00000035739494], [2, 25.00365897197468], [3, 25.008866206013796], [4, 25.019472733573703], [5, 25.24028734897869], [6, 25.501862488503203], [7, 26.37703266721183], [8, 29.859161736121226], [9, 34.19680724669544], [10, 36.559326981639444], [11, 36.88199888586063], [12, 38.193498374393116], [13, 39.71615374646069], [14, 42.01821204340431], [15, 41.72240085622488], [16, 40.05055372311289], [17, 38.62729027316246], [18, 39.83399651689613], [19, 41.36448589256126], [20, 41.18495475677337], [21, 41.415197789008694]]]
[120, [[0, 25.000000000166185], [1, 25.00000000002605], [2, 25.000000002443244], [3, 25.000264585465974], [4, 24.9990149733623], [5, 25.09561651091635], [6, 25.46916916460777], [7, 26.715594054638643], [8, 29.66207452387951], [9, 30.754736965525336], [10, 34.21463335536665], [11, 33.12816573661268], [12, 36.97421720737445], [13, 36.5013605889941], [14, 38.761878277124225], [15, 41.577319080984], [16, 39.861721438076835], [17, 37.007548950467644], [18, 40.52164602049611], [19, 38.234486252170456], [20, 37.37888068313859], [21, 41.74071262371112]]]
[2, [[0, 65.01330162961624], [1, 65.00818727337298], [2, 65.03827164837617], [3, 65.02727933612161], [4, 65.02845981335393], [5, 65.15686770644369], [6, 64.61234071627091], [7, 62.51121064982792], [8, 56.96568961411817], [9, 52.651381921469955], [10, 45.44539836605138], [11, 39.627256153806954], [12, 38.52852679223068], [13, 31.740727472508674], [14, 31.03499234118921], [15, 31.445361642866583], [16, 27.20504934874944], [17, 30.095284991617344], [18, 29.919595501681993], [19, 32.36870415345722], [20, 30.097885889202722], [21, 29.391702132517263]]]
[3, [[0, 65.6539155941974], [1, 65.16207906548257], [2, 65.17949407411545], [3, 65.30096112225908], [4, 65.6204996700048], [5, 65.36522947777313], [6, 64.59014402506979], [7, 61.7244696012324], [8, 55.31308977691517], [9, 43.697936794517375], [10, 44.69163172853988], [11, 40.95515069849672], [12, 38.89661646061786], [13, 38.633257582978615], [14, 38.14417529040292], [15, 41.26833989939099], [16, 40.74890999113769], [17, 44.4274873870601], [18, 43.91820785362576], [19, 44.92004648359944], [20, 41.218473808031106], [21, 40.26152995005146]]]
[4, [[0, 67.9432213285467], [1, 66.29035822046785], [2, 66.13452555075239], [3, 66.42633289353147], [4, 66.5026990418908], [5, 63.23164399493699], [6, 56.445147841948234], [7, 52.88003725364686], [8, 49.45849289218799], [9, 47.28708069151094], [10, 41.34189924459655], [11, 32.59517770860322], [12, 29.675892837588467], [13, 32.48171358141069], [14, 29.687058770309847], [15, 26.801062052002244], [16, 26.0395337152399], [17, 27.560768549539493], [18, 27.71747340714096], [19, 29.75556659782211], [20, 21.538219621904453], [21, 18.38141111248879]]]
[5, [[0, 70.06945182434623], [1, 67.82351150020911], [2, 67.60280716774868], [3, 67.91587426134079], [4, 66.52360307822588], [5, 57.94233979624921], [6, 50.640020728888395], [7, 52.5028964065189], [8, 50.03276847835085], [9, 51.63154349956263], [10, 52.429583303466174], [11, 50.426381709223115], [12, 47.75178294129614], [13, 46.52440936419406], [14, 44.81964901407981], [15, 43.873838869761336], [16, 43.39526182092926], [17, 43.484384752613856], [18, 42.74618319921661], [19, 43.94936406494664], [20, 42.39394056928004], [21, 43.44712256685915]]]
[6, [[0, 70.8539594545571], [1, 69.29044732384274], [2, 68.7593183350903], [3, 68.13151359773774], [4, 63.98224327479504], [5, 50.455252610008024], [6, 43.56845230866523], [7, 43.90142696915945], [8, 42.25380853706686], [9, 43.425219769716186], [10, 43.581167881622946], [11, 41.07331457166653], [12, 43.66348293244922], [13, 43.281317190541046], [14, 44.28993457675088], [15, 44.25267257043453], [16, 41.51297189612368], [17, 43.275736830721996], [18, 43.15780416873505], [19, 43.110387554646664], [20, 43.02128551923457], [21, 41.943519339734735]]]
[8, [[0, 68.2675595256137], [1, 69.19586461309818], [2, 68.76068479250621], [3, 65.55576241070005], [4, 52.770962512332844], [5, 38.407888804891165], [6, 36.957821633191706], [7, 37.39409071965393], [8, 44.8027044022069], [9, 46.40795129611058], [10, 48.78681894993036], [11, 45.61121523727137], [12, 47.60857749599815], [13, 46.95421955692523], [14, 45.35100650512739], [15, 42.40355669625581], [16, 40.45463968330511], [17, 41.10120379343955], [18, 39.648193885976795], [19, 40.70376268659581], [20, 40.71537236961191], [21, 40.539129198541865]]]
[10, [[0, 59.12023258658869], [1, 64.72850523194528], [2, 65.26993801605371], [3, 60.56877338173086], [4, 45.76407548302273], [5, 36.1520160381673], [6, 31.989764120408], [7, 35.324255812844335], [8, 38.32232955351375], [9, 41.58065118690897], [10, 43.27998402863492], [11, 46.31734257766973], [12, 45.410510162479675], [13, 42.63821252359806], [14, 41.80198298510193], [15, 41.828997738455286], [16, 40.84790927144296], [17, 43.16883161038786], [18, 38.150458049557514], [19, 39.982594264142236], [20, 38.521577858142], [21, 36.58152853223523]]]
[12, [[0, 46.80913336083092], [1, 55.66275725795942], [2, 58.50037521236355], [3, 55.8408987693995], [4, 46.380297635713674], [5, 36.09570423953485], [6, 33.112444337123065], [7, 34.29716699353947], [8, 37.877363011478], [9, 40.169110529938024], [10, 43.44073901294275], [11, 44.342205509379966], [12, 47.153845353234075], [13, 48.17242093377084], [14, 45.95745659178178], [15, 41.39223476336786], [16, 45.150412483969276], [17, 45.99832921574741], [18, 43.430409975244544], [19, 43.232520376861736], [20, 42.12545358598134], [21, 40.1743558185672]]]
[15, [[0, 33.530387994170106], [1, 41.83017241520371], [2, 47.937068613304504], [3, 47.17402707623071], [4, 37.08948298374829], [5, 32.06561016207005], [6, 32.93401855379315], [7, 34.71974899051752], [8, 40.307383000271024], [9, 42.89354175110902], [10, 48.17164481995904], [11, 45.323031692863026], [12, 45.81193254014945], [13, 45.962005441171534], [14, 43.29630170820445], [15, 43.48863674816818], [16, 44.64808312748704], [17, 42.317743285646024], [18, 42.07530086621125], [19, 42.2113333953955], [20, 43.23086177365393], [21, 44.86918403851172]]]
[16, [[0, 30.98304446181434], [1, 37.09312837475344], [2, 42.30829011356031], [3, 39.92834899131427], [4, 33.42520745429743], [5, 31.81478574669278], [6, 33.51765868249639], [7, 38.44975990987488], [8, 41.596493033322396], [9, 41.91671672645645], [10, 43.640172596389164], [11, 44.21386737955696], [12, 46.527418978894865], [13, 43.26271836599228], [14, 41.79907611375164], [15, 41.412200970347556], [16, 41.47202940620651], [17, 41.34263452844007], [18, 40.14351608105706], [19, 41.895415084059586], [20, 42.651544492608345], [21, 37.47240790797366]]]
[20, [[0, 26.433620748214498], [1, 29.07816405509298], [2, 32.492377020753274], [3, 35.14802129908848], [4, 33.217662209230305], [5, 29.5603411826321], [6, 29.373228411482152], [7, 31.982420950093466], [8, 38.130967837562565], [9, 42.45013671137616], [10, 43.57936850759652], [11, 47.65851194445025], [12, 46.59425683085302], [13, 47.48496295213359], [14, 45.344247240417694], [15, 45.296887182837445], [16, 42.59594664188404], [17, 43.45562196152945], [18, 43.38171203612982], [19, 41.2171992641365], [20, 40.180483634735225], [21, 39.400704992376184]]]
[24, [[0, 25.377779553735753], [1, 26.28538437462582], [2, 28.571271130672258], [3, 30.770790208058635], [4, 30.14396617004617], [5, 28.330072227613957], [6, 28.991493191242252], [7, 30.139082808242144], [8, 33.994321470246156], [9, 37.1865120653042], [10, 42.650541209283055], [11, 43.739156032451504], [12, 45.525146162997075], [13, 44.82887840642511], [14, 42.823876378314374], [15, 48.235482128072896], [16, 45.57356133819377], [17, 44.4748677959705], [18, 43.95791793060696], [19, 42.83044728848427], [20, 43.51696027338522], [21, 44.152882472613776]]]
[30, [[0, 25.058736574587595], [1, 25.22569847091675], [2, 25.683963884962246], [3, 26.86000156335718], [4, 27.950200306887176], [5, 28.51229620427926], [6, 31.273379638589176], [7, 30.55925792562178], [8, 35.235978220442036], [9, 36.37748055037461], [10, 39.64837904068163], [11, 40.971696000651356], [12, 41.912796428921936], [13, 41.98698558212383], [14, 43.3582453911301], [15, 43.75240559802552], [16, 46.99215257568068], [17, 45.550584411879214], [18, 43.94824025847885], [19, 44.990000662301284], [20, 43.77534975369208], [21, 42.753647404513764]]]
[40, [[0, 25.003348546292447], [1, 25.016940329322352], [2, 25.11841260081384], [3, 25.414275942619344], [4, 25.805011017178096], [5, 26.730630255818824], [6, 27.37660299687363], [7, 29.822215979059617], [8, 30.830776983577636], [9, 34.97373195158285], [10, 37.44129579044371], [11, 39.728224733264106], [12, 41.051896856488774], [13, 40.81526763890859], [14, 42.85716712912819], [15, 42.17964706856917], [16, 45.24185500944333], [17, 45.569660104086694], [18, 40.92784642916575], [19, 40.50478402458378], [20, 39.296646620537764], [21, 36.962286447774694]]]
[48, [[0, 25.000466194696056], [1, 25.0022886865326], [2, 25.028537803417603], [3, 25.19956852041424], [4, 25.543800399973392], [5, 25.62889171348983], [6, 26.249862211093774], [7, 27.027845702233993], [8, 31.084135267056997], [9, 32.949877488638755], [10, 37.552130110007795], [11, 38.42903173553496], [12, 41.69966915818652], [13, 43.557901177377126], [14, 43.92823717468076], [15, 43.05423306206494], [16, 41.52426387099985], [17, 42.60101133915616], [18, 43.2901387440201], [19, 43.44533618028201], [20, 42.866358699931006], [21, 44.0539830316293]]]
[60, [[0, 25.0000337489476], [1, 25.00005544289656], [2, 25.018336642065098], [3, 25.020464926026232], [4, 25.18313104138472], [5, 25.965384410217744], [6, 26.684656262074526], [7, 28.17047597361141], [8, 30.635789394478202], [9, 33.464067779170826], [10, 37.01496074922164], [11, 35.66726110615831], [12, 39.18720753125693], [13, 38.93546876623067], [14, 41.016129692484476], [15, 42.42815254522723], [16, 44.50691885135308], [17, 42.51652114258575], [18, 45.619206644820025], [19, 45.05344784304768], [20, 42.68692263382865], [21, 43.68793782957465]]]
[80, [[0, 25.00000056201149], [1, 25.00000042729307], [2, 25.0002278279939], [3, 25.002598686705518], [4, 25.155362226921923], [5, 25.94683566214278], [6, 25.544409044417762], [7, 26.814809802033466], [8, 29.006621137713957], [9, 32.8843083905098], [10, 35.62697169287735], [11, 36.249855469414285], [12, 36.820874638255255], [13, 40.67333122703448], [14, 42.20005863562072], [15, 41.35011311209464], [16, 41.948481363895986], [17, 43.02427229386817], [18, 45.27595672741074], [19, 47.34958760632759], [20, 43.53756742706067], [21, 43.51315223171613]]]
[120, [[0, 25.000000000166867], [1, 25.00000000002366], [2, 25.00008556035922], [3, 25.004077453341402], [4, 25.0223569946712], [5, 25.052410613638916], [6, 25.156590004103858], [7, 25.536242571018803], [8, 27.152321382538844], [9, 28.179504281703583], [10, 31.94076515981745], [11, 33.67234460567305], [12, 36.712553168123186], [13, 39.08841231944084], [14, 41.9028780381097], [15, 42.90499183388519], [16, 44.585398379820056], [17, 45.87637373242459], [18, 44.480501332259486], [19, 42.01791045251422], [20, 44.10328440026996], [21, 42.085224121765656]]]
[2, [[0, 65.01425358927307], [1, 65.00865122381643], [2, 65.00882358570935], [3, 65.01479002686382], [4, 65.04685266951654], [5, 65.31397044617253], [6, 64.55721285911527], [7, 59.652175619296735], [8, 51.60245534941709], [9, 48.38045648794732], [10, 48.00240388884493], [11, 44.49230139301672], [12, 44.416725481354646], [13, 38.93955066218174], [14, 37.17803822976649], [15, 33.382517967318435], [16, 33.350016770877396], [17, 33.46523493395265], [18, 33.08523275702903], [19, 34.75719517604588], [20, 32.59264308732436], [21, 36.00203542778249]]]
[3, [[0, 65.66912263353443], [1, 65.19596710164956], [2, 65.27834370551736], [3, 65.37140329954175], [4, 65.68841626809937], [5, 65.17198204158329], [6, 63.54901043422101], [7, 53.1457703263707], [8, 46.91793820634551], [9, 50.128479222585696], [10, 47.39905568503453], [11, 43.79750273748803], [12, 39.66618387774512], [13, 39.90612917978844], [14, 35.71022553196982], [15, 38.84861750612881], [16, 35.10824672764319], [17, 34.24031214620394], [18, 34.448205837525535], [19, 39.36949991518004], [20, 35.20118681276863], [21, 36.12303829025308]]]
[4, [[0, 67.94319289668017], [1, 66.18757339175477], [2, 66.24289913739719], [3, 66.36370792512996], [4, 66.40471958453566], [5, 64.59992294447059], [6, 58.5182296644714], [7, 53.38728546712757], [8, 53.528968867427366], [9, 51.297125423076295], [10, 52.2758047698215], [11, 48.50801646029285], [12, 46.97702956561286], [13, 44.27554825074283], [14, 40.90083393455842], [15, 40.31030203434744], [16, 42.163924458858], [17, 37.93237477680243], [18, 36.20988436438923], [19, 35.37540637803807], [20, 38.87121917648837], [21, 35.715283401471986]]]
[5, [[0, 70.00998845718706], [1, 67.78328115410915], [2, 67.43485861184602], [3, 67.70316416053922], [4, 66.85486756611638], [5, 60.425836568160165], [6, 50.97763965309368], [7, 53.23572329593035], [8, 48.93779141308487], [9, 49.32876866525821], [10, 47.271718316543016], [11, 44.927327974504074], [12, 40.89298171403028], [13, 42.03913434016389], [14, 39.33261447336532], [15, 35.52223147454304], [16, 35.310951398275265], [17, 34.7006569732143], [18, 36.418358511018845], [19, 37.689927174836704], [20, 35.48352145167172], [21, 35.87463404910201]]]
[6, [[0, 70.85598946667051], [1, 69.06440530207851], [2, 68.70950750954715], [3, 68.47452985784486], [4, 66.16118453512752], [5, 50.67069602432758], [6, 43.84060814477472], [7, 42.73539706965971], [8, 47.117912809366246], [9, 46.79982733598016], [10, 49.43654196430931], [11, 48.72008217874675], [12, 48.464329092735966], [13, 48.01124900123103], [14, 45.582110025383585], [15, 41.84395084979845], [16, 39.57905050461652], [17, 33.82105366780879], [18, 33.59340917705021], [19, 37.30120927705797], [20, 38.52635268533336], [21, 39.74202752850254]]]
[8, [[0, 68.27410776341605], [1, 69.15241082374354], [2, 68.38210126132468], [3, 62.22687571729169], [4, 47.83946964668321], [5, 37.1208271940463], [6, 33.87012446616718], [7, 38.22049559119689], [8, 40.903870621354386], [9, 42.525029529873876], [10, 48.165208686079936], [11, 46.18917076352169], [12, 47.63754459183873], [13, 46.13153000715994], [14, 43.45186447882586], [15, 36.78367346482155], [16, 32.94940396498745], [17, 33.85656157884887], [18, 31.661056481939113], [19, 33.16870246483425], [20, 34.58577400520071], [21, 36.39066603524406]]]
[10, [[0, 59.431468496625236], [1, 64.98851394360923], [2, 65.48136189292485], [3, 60.86114572007515], [4, 48.41033927518731], [5, 38.723572945579576], [6, 36.45237004253616], [7, 38.305426887492544], [8, 43.04745126595638], [9, 47.201869749542695], [10, 48.88768865950462], [11, 48.92675451856916], [12, 48.07184877363021], [13, 45.06764166135616], [14, 45.77161417469551], [15, 40.015239318089094], [16, 39.207118209203486], [17, 37.84286741754454], [18, 38.056986103084725], [19, 37.983375934611686], [20, 39.407659709074565], [21, 42.06872173631537]]]
[12, [[0, 47.13716679173526], [1, 56.014092889857025], [2, 58.446991680389914], [3, 52.21343018309495], [4, 40.6583922691692], [5, 34.02008205746199], [6, 33.86521114354885], [7, 36.925051133918195], [8, 41.90345938348079], [9, 44.0812809270559], [10, 46.393326977386955], [11, 49.759681120719335], [12, 45.87391496013866], [13, 45.79202816655493], [14, 39.22764466944046], [15, 39.62173648350957], [16, 40.13057990905397], [17, 36.58366673723043], [18, 40.4918897775621], [19, 42.308104428548035], [20, 40.48124236572362], [21, 40.517455691861244]]]
[15, [[0, 33.74513409930003], [1, 41.42289437710502], [2, 47.631553928568465], [3, 48.525453012981764], [4, 39.6511350788389], [5, 31.976588785664298], [6, 32.010036153592495], [7, 34.42239411217786], [8, 36.904266170015646], [9, 39.09876085997487], [10, 44.62254024992414], [11, 44.88657821472383], [12, 45.67580723331183], [13, 43.75990400538278], [14, 41.76550547804932], [15, 41.6439160100655], [16, 39.51060511649603], [17, 41.176017520997085], [18, 44.909894498211614], [19, 41.409906579321195], [20, 43.467428836885375], [21, 42.68454481585513]]]
[16, [[0, 31.14871490702872], [1, 37.67098524868912], [2, 42.946230158073156], [3, 43.67176840352748], [4, 35.95853134066748], [5, 30.716695674385765], [6, 31.94992629565565], [7, 33.58582351927778], [8, 39.38226710972644], [9, 41.408685371224074], [10, 44.10063173713845], [11, 44.86869626983177], [12, 43.00876772018943], [13, 46.015192300583664], [14, 44.73681001991507], [15, 45.19759244939145], [16, 43.832972256619904], [17, 41.15830342947892], [18, 39.9767628505602], [19, 40.147242482249034], [20, 40.959534486272695], [21, 40.13200786018771]]]
[20, [[0, 26.467628127617093], [1, 29.314814747699433], [2, 32.9236836051838], [3, 37.03329309156063], [4, 35.132621240128664], [5, 31.543664279695488], [6, 30.27199884227949], [7, 31.888518500087507], [8, 33.89957904930947], [9, 39.40535538171947], [10, 43.27148583198661], [11, 48.391505858153465], [12, 51.519364509206135], [13, 49.44243340090358], [14, 48.04385606788349], [15, 47.32778305984617], [16, 47.30674615177829], [17, 49.019962602348066], [18, 50.71214260387953], [19, 46.19834292519457], [20, 46.32568139014803], [21, 41.58308265014483]]]
[24, [[0, 25.378392808750014], [1, 26.279221362388483], [2, 28.46692563388709], [3, 30.78396424987186], [4, 30.344481727626814], [5, 28.43716978072274], [6, 28.157719757942765], [7, 30.689836337233643], [8, 34.297765189590585], [9, 37.837325352639134], [10, 40.296998677577164], [11, 45.53894716497056], [12, 44.81015673951266], [13, 43.890166003842296], [14, 43.59666499253384], [15, 41.651082556294696], [16, 37.936244672703076], [17, 40.26832727559263], [18, 40.575679681034835], [19, 40.13062981708728], [20, 38.62664226027668], [21, 41.12225220788057]]]
[30, [[0, 25.055656678625926], [1, 25.216094684019712], [2, 25.803294094499563], [3, 26.985648926857962], [4, 27.40019819225712], [5, 27.248666070652718], [6, 28.088973613128537], [7, 29.195029195039698], [8, 31.10711646890473], [9, 34.40195977988846], [10, 38.11192826169263], [11, 39.59088580592004], [12, 40.148055650152784], [13, 45.68663049918563], [14, 40.99611035702625], [15, 42.964358475535015], [16, 43.85007980501952], [17, 42.1950853301891], [18, 41.276738547018944], [19, 39.81447985378778], [20, 38.8004877241297], [21, 40.52987603114995]]]
[40, [[0, 25.00333797417677], [1, 25.01726212551753], [2, 25.16345967903598], [3, 25.416134462368866], [4, 26.083921348687507], [5, 26.39935016272818], [6, 27.28428336278035], [7, 29.01566210902714], [8, 32.78253776237135], [9, 34.259532612890716], [10, 35.57296104329943], [11, 38.51934908457986], [12, 39.67826558826728], [13, 41.495919534150865], [14, 40.229484294562184], [15, 40.328229333295], [16, 41.69064795905696], [17, 44.21459885970411], [18, 43.80441790972198], [19, 43.60931615300328], [20, 43.46840723923656], [21, 42.18000165554657]]]
[48, [[0, 25.0004577016347], [1, 25.001431710148914], [2, 25.014389751285616], [3, 25.179155215492113], [4, 25.520082131480404], [5, 25.853290618722237], [6, 26.065092571436242], [7, 26.836474700870507], [8, 29.629009095795094], [9, 33.559853283404316], [10, 35.10109372714919], [11, 39.40009376383062], [12, 41.011828213433084], [13, 38.041320654859774], [14, 42.07089968668996], [15, 39.44325043835351], [16, 43.72590222942982], [17, 43.48520117088163], [18, 42.70038066391966], [19, 42.152613418357824], [20, 41.73510704037502], [21, 42.02341632542122]]]
[60, [[0, 25.000030221821344], [1, 25.00008809533744], [2, 25.01227045620569], [3, 25.097993462360296], [4, 25.212401963302813], [5, 25.562408114342237], [6, 27.24597851051343], [7, 29.649619161173828], [8, 30.76293686207084], [9, 33.72256234523865], [10, 36.21754522436595], [11, 41.20201287065876], [12, 39.81733441532343], [13, 37.905449120674604], [14, 37.008171033169376], [15, 38.515393154685135], [16, 42.376946284641505], [17, 43.27627702388183], [18, 45.42569585392206], [19, 45.00944265631263], [20, 44.15018857215275], [21, 46.468480178626216]]]
[80, [[0, 25.000000501335812], [1, 25.000000679953306], [2, 25.00082426395645], [3, 25.016608392151763], [4, 24.967296280065433], [5, 24.915253127103888], [6, 26.148823977677864], [7, 28.441782232114715], [8, 30.287836979703584], [9, 34.66210639606001], [10, 36.55179373892255], [11, 39.73600088972037], [12, 39.49280847710934], [13, 38.24380265705945], [14, 39.41974558617431], [15, 41.46218538521402], [16, 40.4187087277173], [17, 40.837688136455554], [18, 41.268523221114386], [19, 40.58799337982228], [20, 42.96526375020082], [21, 41.56835922263308]]]
[120, [[0, 25.000000000173387], [1, 25.000000000016172], [2, 25.00000001143902], [3, 25.006531232579295], [4, 25.002948750896078], [5, 25.141175205627988], [6, 25.839293244881773], [7, 28.235617097472996], [8, 29.11374774251086], [9, 30.68491881577073], [10, 33.218049232874264], [11, 36.57712415948292], [12, 37.802038720160894], [13, 36.28999396836734], [14, 37.51714111050216], [15, 37.605690415683966], [16, 38.18360689726813], [17, 42.06599439927659], [18, 39.000812708690944], [19, 40.82635941308504], [20, 42.90777950707112], [21, 45.540403534576846]]]
[2, [[0, 65.01364010961652], [1, 65.00905014568663], [2, 65.00895080246134], [3, 65.03338434771415], [4, 65.06820036261449], [5, 65.17403692143759], [6, 64.0293612433013], [7, 59.518652074409545], [8, 52.50307945943632], [9, 48.448083194931684], [10, 44.35648201964234], [11, 39.412481723786044], [12, 37.510441138022415], [13, 39.3753572892159], [14, 39.033885227772906], [15, 40.25673097069459], [16, 39.43521405757837], [17, 35.65996536237996], [18, 37.72865183887058], [19, 35.95031886649056], [20, 33.662398233664945], [21, 35.85606426054234]]]
[3, [[0, 65.70274954971957], [1, 65.20139594543407], [2, 65.18258555091096], [3, 65.38450728945068], [4, 65.4736722209406], [5, 65.53590992222676], [6, 64.70202943183732], [7, 61.13656027856019], [8, 55.54094002957153], [9, 53.424620423595435], [10, 45.43204754922439], [11, 43.5821325210499], [12, 44.12798791669639], [13, 41.57744204914034], [14, 41.64691488846745], [15, 39.810729855685445], [16, 43.149876751822354], [17, 37.66549500548666], [18, 36.89683877132678], [19, 33.75182767787209], [20, 35.957421635373215], [21, 38.13834387525139]]]
[4, [[0, 68.01996994911771], [1, 66.32971730776296], [2, 66.22939861478012], [3, 66.39281218851652], [4, 66.29636540640354], [5, 63.361819001528076], [6, 57.34062316115677], [7, 52.96917417907412], [8, 50.69230917773558], [9, 50.851889835276396], [10, 50.16040461272947], [11, 44.76780881186991], [12, 42.83202910651093], [13, 43.77889793607519], [14, 44.964324916098974], [15, 41.76979448593626], [16, 39.78661153725765], [17, 37.91213218508563], [18, 38.41762645382991], [19, 34.66229122899273], [20, 31.52235825941031], [21, 34.40021733918474]]]
[5, [[0, 69.9972800615888], [1, 67.81128861394183], [2, 67.41710770737998], [3, 67.82761401695451], [4, 66.84653960213906], [5, 60.155293234449196], [6, 50.974434126344825], [7, 45.816310307566745], [8, 46.80783834281622], [9, 47.10315689474378], [10, 46.17327618908957], [11, 48.58737451716833], [12, 50.045084038546946], [13, 46.71529461697268], [14, 45.53026441207627], [15, 45.063418468351145], [16, 43.02015902703746], [17, 47.86456149271496], [18, 46.50043237038335], [19, 43.96715085929934], [20, 43.79474629139929], [21, 42.95613305368213]]]
[6, [[0, 70.86628981783214], [1, 69.07432333842509], [2, 68.5183844441474], [3, 68.4732768107147], [4, 66.81946552503913], [5, 56.22980615129515], [6, 46.697977050110964], [7, 45.81267511686717], [8, 47.46204848831029], [9, 51.86557409903626], [10, 50.8850713809087], [11, 47.51077319035948], [12, 42.719801965607715], [13, 43.76564882216264], [14, 41.47367273631899], [15, 41.09765891586377], [16, 41.65079460174106], [17, 39.91211667329704], [18, 40.56787754041426], [19, 40.40987775313574], [20, 37.079075123580274], [21, 35.97342445661564]]]
[8, [[0, 68.28053015110225], [1, 69.18701987590842], [2, 68.35390829996766], [3, 63.907913329921406], [4, 48.51857503587246], [5, 42.1629257903913], [6, 40.761471569518655], [7, 42.58358848869133], [8, 45.83057237737007], [9, 45.914620020602236], [10, 45.18720468003811], [11, 43.91405143363077], [12, 46.7369020274496], [13, 42.72870200995652], [14, 39.59881234826085], [15, 38.919259745475706], [16, 37.37993591477033], [17, 38.69056356878015], [18, 43.33551487605795], [19, 39.08081661913062], [20, 39.36381521618452], [21, 39.520070376807006]]]
[10, [[0, 58.777565092291155], [1, 64.67397427754399], [2, 65.20445844209992], [3, 61.15242478312511], [4, 47.205707818965834], [5, 37.134142283077004], [6, 37.940686758713284], [7, 38.408320186717376], [8, 43.26228076583328], [9, 47.40396222324682], [10, 47.204585187723566], [11, 44.01357937625051], [12, 43.40352420045777], [13, 45.98327322787536], [14, 42.63236920516673], [15, 41.97355806616672], [16, 40.516574356984755], [17, 43.873408893245504], [18, 43.39621844922052], [19, 44.79695327793635], [20, 40.11780755402513], [21, 37.757282937396646]]]
[12, [[0, 46.8777680584582], [1, 55.79777292229724], [2, 59.156484312875676], [3, 53.155032521469685], [4, 42.81566859579308], [5, 34.583120208227044], [6, 35.26380639375825], [7, 39.5416931971638], [8, 41.53789075011688], [9, 41.9986475332053], [10, 44.145694141293134], [11, 41.27349161389418], [12, 40.42644992790774], [13, 37.86581543844603], [14, 38.300991359923174], [15, 37.08309907941669], [16, 36.48899728171213], [17, 34.53859782636046], [18, 32.98692118392169], [19, 33.65743032031449], [20, 31.60648127312539], [21, 31.041610266200486]]]
[15, [[0, 33.57265004623154], [1, 41.85247901106283], [2, 46.77122448937149], [3, 47.18281702801694], [4, 38.211623520130786], [5, 30.10359956388706], [6, 27.16427935307263], [7, 31.416777387575344], [8, 36.987026657554146], [9, 43.23846405371839], [10, 44.54280687538921], [11, 48.034327483452266], [12, 46.10094803685249], [13, 45.70115613112682], [14, 48.11010273360986], [15, 42.787997143203576], [16, 44.43896945120095], [17, 44.33207269094134], [18, 44.053765744498065], [19, 42.115913018502106], [20, 41.13272482400592], [21, 40.30462632325919]]]
[16, [[0, 31.16348251799407], [1, 37.85865830015421], [2, 44.36865173454292], [3, 42.711400549025285], [4, 35.60268327235431], [5, 29.97326737611307], [6, 30.242313623385797], [7, 31.229020623928932], [8, 35.927304030900345], [9, 38.320166557443166], [10, 38.66303465285668], [11, 40.03985493284559], [12, 40.92263382727585], [13, 40.23428695282677], [14, 39.429150668139876], [15, 40.71257463188581], [16, 35.54169950519781], [17, 36.79843403784065], [18, 38.33127685964175], [19, 37.55627183686961], [20, 37.53777995132293], [21, 35.11288122794095]]]
[20, [[0, 26.473752222674932], [1, 29.331702703916807], [2, 34.049471248621444], [3, 36.90800193000963], [4, 33.49200587236438], [5, 30.56817944860285], [6, 29.001458005388827], [7, 32.50743600113419], [8, 34.59912396493606], [9, 37.24380800749995], [10, 41.66862398296025], [11, 41.95334364981086], [12, 44.664546225642106], [13, 45.48730460440291], [14, 45.75022328575182], [15, 46.7583108126353], [16, 45.28782034688719], [17, 44.9409867020811], [18, 44.645441902018874], [19, 43.637540422856574], [20, 40.41799348509605], [21, 43.478601294473094]]]
[24, [[0, 25.385326245592232], [1, 26.41881197659954], [2, 28.475736794074283], [3, 30.002052762423233], [4, 30.947242157938742], [5, 29.106103701351692], [6, 27.981726694178946], [7, 30.20623260437613], [8, 31.57556692918193], [9, 35.54582405556136], [10, 40.198946015657526], [11, 43.17448211463332], [12, 42.122672461519215], [13, 43.12520700804224], [14, 41.031780897234185], [15, 43.315642515497274], [16, 41.21696085261979], [17, 43.50232185042984], [18, 40.68169200146809], [19, 39.89876281230816], [20, 40.25933261084845], [21, 37.865058889227065]]]
[30, [[0, 25.05639846318571], [1, 25.234569809355673], [2, 25.855779589757983], [3, 27.13618696338808], [4, 27.818291624171625], [5, 27.3922721042756], [6, 28.163326091617407], [7, 31.633643661591005], [8, 34.02833013835259], [9, 36.70396303934877], [10, 41.286188376409], [11, 42.93751000053859], [12, 43.81197225848735], [13, 42.778256213511135], [14, 44.73790250505598], [15, 42.5549352525067], [16, 45.592108389206736], [17, 43.10396549430072], [18, 43.41502070749659], [19, 43.88538536296423], [20, 43.792385096737355], [21, 43.01922225494434]]]
[40, [[0, 25.00345267242668], [1, 25.015780186424852], [2, 25.10912334299867], [3, 25.45121159477053], [4, 26.009172809770007], [5, 26.246909904034244], [6, 26.588577092489665], [7, 27.151177692935597], [8, 30.145509915043124], [9, 32.956794578804804], [10, 35.869035179669034], [11, 41.044965034516245], [12, 41.021401678515105], [13, 42.000791733782464], [14, 47.632147469107615], [15, 48.856713804863716], [16, 46.54913104413551], [17, 49.220547973905624], [18, 50.93609800093643], [19, 47.64318870515531], [20, 47.41615199752235], [21, 46.73000237883091]]]
[48, [[0, 25.000441539736613], [1, 25.002918050253285], [2, 25.057001473906933], [3, 25.12755805683648], [4, 25.42194222783113], [5, 25.951088338919845], [6, 26.170229682205637], [7, 27.65270545477466], [8, 29.428867971753213], [9, 33.1742322761395], [10, 39.95637607354139], [11, 42.61492520507299], [12, 44.41325507280186], [13, 45.88721770086734], [14, 48.21081089045968], [15, 47.545915711693524], [16, 44.84939077207179], [17, 44.47948653058892], [18, 48.02066669512763], [19, 45.67957871935255], [20, 46.74634083891856], [21, 45.86255213397498]]]
[60, [[0, 25.000030465842947], [1, 25.000066326742758], [2, 25.001810467298306], [3, 25.03881669866119], [4, 25.111488720788397], [5, 25.436797345018523], [6, 26.411679190867652], [7, 27.279642353289265], [8, 30.237987971999253], [9, 32.460850051824714], [10, 34.537820659677614], [11, 36.87738172848716], [12, 36.91877438618816], [13, 37.65960196933837], [14, 38.781572310216795], [15, 42.4517754529478], [16, 42.73768190930047], [17, 42.69064367479291], [18, 43.95769644402732], [19, 43.603627105372084], [20, 44.42112609884552], [21, 44.11243244667137]]]
[80, [[0, 25.00000051391451], [1, 25.000000398752533], [2, 25.00010853880004], [3, 25.01674472150299], [4, 25.02393804361158], [5, 25.11882130242193], [6, 25.75900873744575], [7, 27.105056490229074], [8, 27.82677313393306], [9, 30.132004837738776], [10, 33.792926135079895], [11, 37.20458434378556], [12, 39.71607387165051], [13, 41.744437483810344], [14, 42.18620340213407], [15, 42.641911605365316], [16, 42.7886099914371], [17, 45.40783278535086], [18, 44.57652636834305], [19, 45.93671316395267], [20, 44.62478005100976], [21, 45.02972830467645]]]
[120, [[0, 25.000000000172335], [1, 25.000000000025647], [2, 25.000000003396273], [3, 25.007425542792717], [4, 25.006282488740595], [5, 25.03614680919064], [6, 25.241578899854034], [7, 26.272828990125323], [8, 29.033887218996572], [9, 33.185778344917736], [10, 35.49813266665164], [11, 38.268043656658705], [12, 39.959213297225], [13, 40.50517313078444], [14, 43.06044875110532], [15, 40.499124587606374], [16, 40.605379410609125], [17, 41.651054763736646], [18, 42.58372798811531], [19, 42.521422339347126], [20, 41.78471784632522], [21, 42.268929122363396]]]
