[2, 0.3499869257799966]
[3, 0.16171447517591406]
[4, 0.30073278771796597]
[5, 0.4646372399071097]
[6, 0.2002504599596744]
[8, 0.5324757204258571]
[10, 0.25134841053043777]
[12, 0.2414324502157726]
[15, 0.33625317700896545]
[16, 0.3407267538664219]
[20, 0.25932856963933204]
[24, 0.2431719401217071]
[30, 0.21676239623461002]
[40, 0.2450523336860914]
[48, 0.32114443942215787]
[60, 0.3498017062273578]
[80, 0.5343169260493382]
[120, 0.503815205051825]
[2, 0.29328640979815024]
[3, 0.4948768667706473]
[4, 0.3299378303864876]
[5, 0.5733635036597309]
[6, 0.3433888701112066]
[8, 0.3487957308658702]
[10, 0.20910253896531067]
[12, 0.38665975981137607]
[15, 0.2508147585416094]
[16, 0.2813921535612632]
[20, 0.5060203356876338]
[24, 0.3650805808464411]
[30, 0.23583873858364815]
[40, 0.2007697820984038]
[48, 0.23736614677709203]
[60, 0.6028261412189644]
[80, 0.6063908853412799]
[120, 0.21786229053620063]
[2, 0.5271158402776712]
[3, 0.3499268023539777]
[4, 0.03396193074688184]
[5, 0.30853198812170773]
[6, 0.32991786453668764]
[8, 0.21660978790512797]
[10, 0.27718236354378484]
[12, 0.4941761949049599]
[15, 0.33054147246196935]
[16, 0.4026482672307456]
[20, 0.6264624040902458]
[24, 0.6459610693359706]
[30, 0.6077248112818846]
[40, 0.48546587152424586]
[48, 0.543822988116624]
[60, 0.31630514783368224]
[80, 0.23250191046544372]
[120, 0.47622869863176204]
[2, 0.3297326756625749]
[3, 0.437452350663614]
[4, 0.4557428456574477]
[5, 0.642803341234365]
[6, 0.4070368457984884]
[8, 0.2718015574975685]
[10, 0.47048540171950903]
[12, 0.6494217779234135]
[15, 0.4611842846920397]
[16, 0.29696460658866264]
[20, 0.3381900983020796]
[24, 0.3223000900797636]
[30, 0.3016389117568431]
[40, 0.3601386755524987]
[48, 0.6454665527639009]
[60, 0.5079616933398186]
[80, 0.33978655262090324]
[120, 0.4467940649481191]
[2, 0.20293138720253143]
[3, 0.548920600774724]
[4, 0.31206850579265955]
[5, 0.4525731684603528]
[6, 0.5136053816182452]
[8, 0.647972020403648]
[10, 0.2531235026493687]
[12, 0.12275871606157987]
[15, 0.19131113861715188]
[16, 0.3087314843468918]
[20, 0.4851716206068964]
[24, 0.29011923640466347]
[30, 0.33706904652218367]
[40, 0.6522701072696196]
[48, 0.31717925574652217]
[60, 0.5974707879527339]
[80, 0.5011285936089557]
[120, 0.3265645738377161]
