[2, 0.4575444337622053]
[3, 0.17276720017335415]
[4, 0.34440180421485606]
[5, 0.15349439808338644]
[6, 0.6500731978550575]
[8, 0.38841453832449596]
[10, 0.7034199850577972]
[12, 0.661037637344692]
[15, 0.32490766219116035]
[16, 0.16837348357085036]
[20, 0.34662534673715695]
[24, 0.5387914295739213]
[30, 0.6500731935427626]
[40, 0.3499267934277624]
[48, 0.6500732064351257]
[60, 0.5114810829785176]
[80, 0.3815265087662493]
[120, 0.22241969156892252]
[2, 0.13030746652384256]
[3, 0.34992679347349176]
[4, 0.34954313846214236]
[5, 0.508112446009522]
[6, 0.27140645785849066]
[8, 0.449121633337681]
[10, 0.5647000663180152]
[12, 0.33213681600064143]
[15, 0.4927919918202941]
[16, 0.3372726892887396]
[20, 0.6130655930427527]
[24, 0.32246886090137716]
[30, 0.34225615143541366]
[40, 0.34992679343201993]
[48, 0.180321430311538]
[60, 0.346649062334993]
[80, 0.31233248419178333]
[120, 0.27297318775522744]
[2, 0.27310851740730174]
[3, 0.26935716253437575]
[4, 0.17258153543600577]
[5, 0.6660146154381927]
[6, 0.646916820316957]
[8, 0.5205423878364738]
[10, 0.24597364557499385]
[12, 0.3581339111302495]
[15, 0.349926793557673]
[16, 0.37081595590348776]
[20, 0.649891756857212]
[24, 0.34992651348795023]
[30, 0.6332382069271312]
[40, 0.3513611100267121]
[48, 0.1865017893875108]
[60, 0.6299141623551217]
[80, 0.3479216484823022]
[120, 0.2543887851673268]
[2, 0.32268853465031516]
[3, 0.2608210435911081]
[4, 0.33713112758143404]
[5, 0.34928227064096057]
[6, 0.21669095883691789]
[8, 0.4798471373423177]
[10, 0.1585155650922705]
[12, 0.34503721708530427]
[15, 0.34990932026136984]
[16, 0.28816040994023606]
[20, 0.6499122129275713]
[24, 0.27190043662498864]
[30, 0.4799577358341418]
[40, 0.3806528759135133]
[48, 0.5597597049347577]
[60, 0.3071999139106265]
[80, 0.6414482788777699]
[120, 0.35013955310022216]
[2, 0.8682278428708575]
[3, 0.6500254934418985]
[4, 0.2795523629675088]
[5, 0.3515580349676441]
[6, 0.2743026745122899]
[8, 0.3044416276554938]
[10, 0.2557981368258478]
[12, 0.5617081807890576]
[15, 0.3293709721610885]
[16, 0.20937552968857837]
[20, 0.33955692879979926]
[24, 0.3849182812653421]
[30, 0.38205955322927654]
[40, 0.25419125788844227]
[48, 0.5716182979185189]
[60, 0.34992679355782885]
[80, 0.2053503312567923]
[120, 0.5755205442859123]
