[2, [[0, 65.0073206442167], [1, 65.0073206442167], [2, 65.0073206442167], [3, 65.0073206442167], [4, 65.0073206442167], [5, 65.0073206442167], [6, 65.0073206442167], [7, 65.0073206442167], [8, 65.00732061888375], [9, 65.00025344110333], [10, 59.943414173413714], [11, 46.72116909492438], [12, 42.88647287185009], [13, 38.02320539365989], [14, 41.54915824599088], [15, 39.9258540843732], [16, 39.8547663042088], [17, 38.331477847023265], [18, 36.77817609171915], [19, 36.39082673628862], [20, 38.20446491035917], [21, 36.225621245382406]]]
[3, [[0, 65.0073206442167], [1, 65.0073206442167], [2, 65.0073206442167], [3, 65.0073206442167], [4, 65.0073206442167], [5, 65.0073206442167], [6, 65.0073206442167], [7, 65.0073206442167], [8, 65.0073206442167], [9, 65.00732064420006], [10, 65.00731346105147], [11, 64.51686428995997], [12, 59.0197242964344], [13, 47.62570132407078], [14, 44.82288993683651], [15, 42.58612908678926], [16, 41.26614288454161], [17, 34.307799702080885], [18, 33.0582496310247], [19, 30.23631539322281], [20, 30.77885919335121], [21, 28.48782210798768]]]
[4, [[0, 65.0073206442167], [1, 65.0073206442167], [2, 65.0073206442167], [3, 65.0073206442167], [4, 65.0073206442167], [5, 65.0073206442167], [6, 65.0073206442167], [7, 65.0073206442167], [8, 65.00732064348456], [9, 64.8417716417878], [10, 59.07236350501282], [11, 47.87450679030799], [12, 43.056961987218386], [13, 43.08587674194024], [14, 40.50977734209247], [15, 41.33315844010381], [16, 41.303561073835546], [17, 42.39673392681774], [18, 42.21543066271058], [19, 39.36204102509924], [20, 39.487604001899854], [21, 36.9078189344037]]]
[5, [[0, 65.0073206442167], [1, 65.0073206442167], [2, 65.0073206442167], [3, 65.0073206442167], [4, 65.0073206442167], [5, 65.0073206442167], [6, 65.0073206442167], [7, 65.0073206442167], [8, 65.0073206442167], [9, 65.00614070818135], [10, 61.31758917708303], [11, 47.55065413200218], [12, 42.3299759119793], [13, 38.907859712556636], [14, 37.86031059302799], [15, 35.93345594032685], [16, 35.87345662458018], [17, 37.75190202062453], [18, 35.082408314156815], [19, 33.16709111914733], [20, 31.656468104662338], [21, 31.939155390240025]]]
[6, [[0, 65.0073206442167], [1, 65.0073206442167], [2, 65.0073206442167], [3, 65.0073206442167], [4, 65.0073206442167], [5, 65.0073206442167], [6, 65.0073206442167], [7, 65.0073206442167], [8, 65.00732064421355], [9, 64.73445456857581], [10, 59.91089581594482], [11, 44.14408594658357], [12, 43.43222291918393], [13, 42.188309991009824], [14, 42.097081216232446], [15, 41.02612979089567], [16, 41.233208085561074], [17, 39.93690248083764], [18, 39.61009828044022], [19, 37.86248872979763], [20, 44.33514367325904], [21, 41.50829082787589]]]
[8, [[0, 65.0073206442167], [1, 65.0073206442167], [2, 65.0073206442167], [3, 65.0073206442167], [4, 65.0073206442167], [5, 65.0073206442167], [6, 65.0073206442167], [7, 65.0073206442167], [8, 65.0073206442167], [9, 65.0073206442167], [10, 65.00732064421655], [11, 65.0073206382523], [12, 64.60945345493248], [13, 57.116385141918336], [14, 49.029618598988066], [15, 50.008123267810916], [16, 47.887729346578475], [17, 45.586566507075055], [18, 44.65138947848272], [19, 44.20831226355076], [20, 43.35797218802536], [21, 41.693210478489924]]]
[10, [[0, 65.0073206442167], [1, 65.0073206442167], [2, 65.0073206442167], [3, 65.0073206442167], [4, 65.0073206442167], [5, 65.0073206442167], [6, 65.0073206442167], [7, 65.0073206442167], [8, 65.0073206442167], [9, 65.00732064143487], [10, 64.43993706093006], [11, 57.77954798071246], [12, 42.99773144993578], [13, 45.71470544134817], [14, 41.7558386036974], [15, 41.496572183438], [16, 41.288491063371666], [17, 41.82070405030749], [18, 44.78522443969674], [19, 44.43272429201196], [20, 43.67664326347296], [21, 41.05247026929218]]]
[12, [[0, 65.0073206442167], [1, 65.0073206442167], [2, 65.0073206442167], [3, 65.0073206442167], [4, 65.0073206442167], [5, 65.0073206442167], [6, 65.0073206442167], [7, 65.0073206442167], [8, 65.00732064421668], [9, 65.00732033041938], [10, 64.66552877699368], [11, 57.425711261843446], [12, 41.404039072055724], [13, 40.93287402785602], [14, 41.3566425778798], [15, 42.63882117365646], [16, 42.99175946668057], [17, 46.70392345194651], [18, 42.069604968190035], [19, 42.29252417290616], [20, 42.638973916342856], [21, 43.240548973468485]]]
[15, [[0, 65.0073206442167], [1, 65.0073206442167], [2, 65.0073206442167], [3, 65.0073206442167], [4, 65.0073206442167], [5, 65.0073206442167], [6, 65.0073206442167], [7, 65.0073206442167], [8, 65.0073206442167], [9, 65.00732032073034], [10, 63.97150603761056], [11, 53.61611337863235], [12, 45.67474947848177], [13, 47.39683159542306], [14, 43.32524175753502], [15, 43.3436471347], [16, 43.173530679275636], [17, 45.47946683225623], [18, 42.34786067912017], [19, 43.29195439481225], [20, 38.76085811914346], [21, 38.47615712448899]]]
[16, [[0, 65.0073206442167], [1, 65.0073206442167], [2, 65.0073206442167], [3, 65.0073206442167], [4, 65.0073206442167], [5, 65.0073206442167], [6, 65.0073206442167], [7, 65.0073206442167], [8, 65.0073206442167], [9, 65.0073206442167], [10, 65.00731996250781], [11, 63.71895390144435], [12, 55.56500075775747], [13, 43.72209271148533], [14, 42.1183846109776], [15, 41.37214358087865], [16, 40.07591788186237], [17, 36.724955996868026], [18, 40.796390927256525], [19, 35.66944456322356], [20, 37.327760827671675], [21, 35.09251929363685]]]
[20, [[0, 65.0073206442167], [1, 65.0073206442167], [2, 65.0073206442167], [3, 65.0073206442167], [4, 65.0073206442167], [5, 65.0073206442167], [6, 65.0073206442167], [7, 65.0073206442167], [8, 65.0073206442167], [9, 65.0073206442167], [10, 65.0073206442167], [11, 65.00732064421582], [12, 65.00731561191014], [13, 63.82919213579389], [14, 55.11072631471098], [15, 46.390296190483724], [16, 45.27140120149339], [17, 44.63469391630727], [18, 39.68743682621973], [19, 41.789297680087806], [20, 41.05669283741475], [21, 40.544910826996656]]]
[24, [[0, 65.0073206442167], [1, 65.0073206442167], [2, 65.0073206442167], [3, 65.0073206442167], [4, 65.0073206442167], [5, 65.0073206442167], [6, 65.0073206442167], [7, 65.0073206442167], [8, 65.0073206442167], [9, 65.0073206442167], [10, 65.0073206442167], [11, 65.0073206442167], [12, 65.00732016917004], [13, 64.5300372748181], [14, 58.0251570500375], [15, 48.33391434798848], [16, 45.12036251505046], [17, 45.195799410678234], [18, 42.46908180384028], [19, 42.86262510494403], [20, 41.80360857586246], [21, 37.00782974303869]]]
[30, [[0, 65.0073206442167], [1, 65.0073206442167], [2, 65.0073206442167], [3, 65.0073206442167], [4, 65.0073206442167], [5, 65.0073206442167], [6, 65.0073206442167], [7, 65.0073206442167], [8, 65.0073206442167], [9, 65.0073206442165], [10, 65.00732064390317], [11, 64.2284192200223], [12, 54.52480448549426], [13, 41.53939600913003], [14, 41.368977716536925], [15, 39.50264925605969], [16, 39.50300288150309], [17, 42.07842036794996], [18, 39.55755207394801], [19, 41.98463584506056], [20, 42.18859628341663], [21, 42.90590637698037]]]
[40, [[0, 65.0073206442167], [1, 65.0073206442167], [2, 65.0073206442167], [3, 65.0073206442167], [4, 65.0073206442167], [5, 65.0073206442167], [6, 65.0073206442167], [7, 65.0073206442167], [8, 65.0073206442167], [9, 65.0073206442167], [10, 65.0073206438697], [11, 64.92847519283265], [12, 61.67594238428392], [13, 49.77473960382897], [14, 42.455806307460215], [15, 43.603401426229006], [16, 46.72500323104292], [17, 41.74727633185386], [18, 42.56490774358079], [19, 40.735874940956855], [20, 43.17747288110081], [21, 42.47994169745591]]]
[48, [[0, 65.0073206442167], [1, 65.0073206442167], [2, 65.0073206442167], [3, 65.0073206442167], [4, 65.0073206442167], [5, 65.0073206442167], [6, 65.0073206442167], [7, 65.0073206442167], [8, 65.0073206442167], [9, 65.0073206442167], [10, 65.00732064421248], [11, 64.07746615070143], [12, 57.54235517252363], [13, 41.069200778486696], [14, 42.93527319509237], [15, 41.44144844945218], [16, 44.286903050419774], [17, 39.49310685925564], [18, 36.877298537973545], [19, 36.55560867174319], [20, 37.33628280761074], [21, 39.3284580604417]]]
[60, [[0, 65.0073206442167], [1, 65.0073206442167], [2, 65.0073206442167], [3, 65.0073206442167], [4, 65.0073206442167], [5, 65.0073206442167], [6, 65.0073206442167], [7, 65.0073206442167], [8, 65.0073206442167], [9, 65.00732064421655], [10, 64.6462779103481], [11, 60.99349631169275], [12, 45.5841647352339], [13, 44.0547491129659], [14, 42.917958100328974], [15, 42.94236438149141], [16, 42.856228041659364], [17, 42.92343068484383], [18, 39.13973163932911], [19, 42.58789868832585], [20, 40.75888998560106], [21, 39.42742113621148]]]
[80, [[0, 65.0073206442167], [1, 65.0073206442167], [2, 65.0073206442167], [3, 65.0073206442167], [4, 65.0073206442167], [5, 65.0073206442167], [6, 65.0073206442167], [7, 65.0073206442167], [8, 65.0073206442167], [9, 65.00732064421662], [10, 64.86870572268896], [11, 62.900086193628184], [12, 52.68494222241232], [13, 39.52417702741475], [14, 39.32935900635103], [15, 39.911378452248236], [16, 35.92360960504983], [17, 39.52715508791127], [18, 38.22552685438688], [19, 39.59559451118436], [20, 37.48942211428795], [21, 35.082790727360766]]]
[120, [[0, 65.0073206442167], [1, 65.0073206442167], [2, 65.0073206442167], [3, 65.0073206442167], [4, 65.0073206442167], [5, 65.0073206442167], [6, 65.0073206442167], [7, 65.0073206442167], [8, 65.0073206442167], [9, 65.0073206442167], [10, 65.00732064421669], [11, 65.0073194434739], [12, 64.99773310563396], [13, 57.40648223358203], [14, 44.9942271930026], [15, 43.198371934704994], [16, 39.6215463464365], [17, 41.103518385883426], [18, 40.232798082438315], [19, 39.883528260903255], [20, 39.66024638160072], [21, 37.80075650440554]]]
[2, [[0, 65.0073206442167], [1, 65.0073206442167], [2, 65.0073206442167], [3, 65.0073206442167], [4, 65.0073206442167], [5, 65.00732064421383], [6, 64.52248274776994], [7, 59.758330159149544], [8, 43.65544288946933], [9, 38.37425237280392], [10, 32.2226849144401], [11, 29.867522655025954], [12, 28.120787473279037], [13, 26.80467898015226], [14, 26.271532161691805], [15, 25.64582015653461], [16, 25.658664566441644], [17, 25.64356770097452], [18, 21.890193254113893], [19, 25.713859575116707], [20, 23.475797021777307], [21, 21.65995051914045]]]
[3, [[0, 65.0073206442167], [1, 65.0073206442167], [2, 65.0073206442167], [3, 65.0073206442167], [4, 65.0073206442167], [5, 65.0073206442167], [6, 65.0073206442167], [7, 65.0073206442167], [8, 65.0073206442167], [9, 65.00732064419306], [10, 65.0071616931368], [11, 62.52129310834072], [12, 50.89817425409379], [13, 42.750488903807195], [14, 46.325125953444115], [15, 42.14334146015081], [16, 42.08876200743322], [17, 42.95692803283304], [18, 40.57800808539418], [19, 41.87547809607605], [20, 40.32362905663499], [21, 41.68177460010042]]]
[4, [[0, 65.0073206442167], [1, 65.0073206442167], [2, 65.0073206442167], [3, 65.0073206442167], [4, 65.0073206442167], [5, 65.0073206442167], [6, 65.0073206442167], [7, 65.0073206442167], [8, 65.00732064420986], [9, 65.00200164399763], [10, 62.25803704376726], [11, 52.268752484714966], [12, 42.706818078930375], [13, 42.19310201459053], [14, 43.649312758682534], [15, 42.242400902193815], [16, 40.790318112139204], [17, 39.273824181674364], [18, 39.8030706158758], [19, 40.774583333716], [20, 39.572551391037074], [21, 37.361071752039365]]]
[5, [[0, 65.0073206442167], [1, 65.0073206442167], [2, 65.0073206442167], [3, 65.0073206442167], [4, 65.0073206442167], [5, 65.0073206442167], [6, 65.0073206442167], [7, 65.00732064421264], [8, 65.00732064412918], [9, 65.00731056049497], [10, 61.12765199486811], [11, 47.827559261914956], [12, 44.43402256150757], [13, 41.589247578376394], [14, 41.820317814598226], [15, 42.60758857317366], [16, 38.53115677757839], [17, 38.63222736399774], [18, 39.226476389014216], [19, 35.68267229911493], [20, 40.92258668395178], [21, 36.23334646230717]]]
[6, [[0, 65.0073206442167], [1, 65.0073206442167], [2, 65.0073206442167], [3, 65.0073206442167], [4, 65.0073206442167], [5, 65.0073206442167], [6, 65.0073206442167], [7, 65.0073206442167], [8, 65.0073206442167], [9, 65.00732063721708], [10, 65.00732017877125], [11, 63.81786101291181], [12, 53.99589293578134], [13, 45.16840654646801], [14, 41.8025694604472], [15, 40.400558105610486], [16, 41.41114536462357], [17, 43.567458590204126], [18, 42.44256086672485], [19, 40.98968721608719], [20, 41.08159788309168], [21, 39.65117241062408]]]
[8, [[0, 65.0073206442167], [1, 65.0073206442167], [2, 65.0073206442167], [3, 65.0073206442167], [4, 65.0073206442167], [5, 65.0073206442167], [6, 65.00732064421484], [7, 65.0073206442167], [8, 65.0073206358821], [9, 64.63659902160093], [10, 57.79931733390839], [11, 44.047932322010595], [12, 39.82479312640427], [13, 40.60392269973483], [14, 37.136552977607614], [15, 38.90779721442648], [16, 38.66944204168381], [17, 40.11968906422206], [18, 37.739516414374194], [19, 37.10013106875166], [20, 36.87346295980508], [21, 35.88372161757844]]]
[10, [[0, 65.0073206442167], [1, 65.0073206442167], [2, 65.0073206442167], [3, 65.0073206442167], [4, 65.0073206442167], [5, 65.0073206442167], [6, 65.0073206442167], [7, 65.0073206442167], [8, 65.00732064421554], [9, 65.00731741441979], [10, 62.34644941841193], [11, 47.10543748950523], [12, 44.49625162465437], [13, 41.517974097929084], [14, 38.8438446097107], [15, 41.42388922933487], [16, 40.52835754063707], [17, 42.97188561903889], [18, 38.3470240449126], [19, 37.766319734545355], [20, 37.113073941946425], [21, 39.37373767776114]]]
[12, [[0, 65.0073206442167], [1, 65.0073206442167], [2, 65.0073206442167], [3, 65.0073206442167], [4, 65.0073206442167], [5, 65.0073206442167], [6, 65.0073206442167], [7, 65.0073206442167], [8, 65.0073206442167], [9, 65.00732064413312], [10, 65.00696528732345], [11, 63.90341022103962], [12, 54.02990076854235], [13, 43.046967661077105], [14, 41.33469666967868], [15, 42.52444827459303], [16, 39.4796719278472], [17, 42.78577427705588], [18, 41.9606786831765], [19, 41.482661884852845], [20, 41.17527864493813], [21, 40.336976479514156]]]
[15, [[0, 65.0073206442167], [1, 65.0073206442167], [2, 65.0073206442167], [3, 65.0073206442167], [4, 65.0073206442167], [5, 65.0073206442167], [6, 65.0073206442167], [7, 65.0073206442167], [8, 65.0073206442167], [9, 65.0073206442167], [10, 65.00732064421669], [11, 65.00732048531096], [12, 64.48579769239907], [13, 59.25844418463151], [14, 41.86904327566723], [15, 45.35016667723309], [16, 41.185827768757584], [17, 44.50069644255889], [18, 44.85287930906263], [19, 40.9949628673996], [20, 40.21903750555548], [21, 42.27506979463347]]]
[16, [[0, 65.0073206442167], [1, 65.0073206442167], [2, 65.0073206442167], [3, 65.0073206442167], [4, 65.0073206442167], [5, 65.0073206442167], [6, 65.0073206442167], [7, 65.0073206442167], [8, 65.0073206442167], [9, 65.0073206442167], [10, 65.0073206442167], [11, 64.99919923607237], [12, 62.9073032718719], [13, 54.24239486858186], [14, 46.99381016463726], [15, 41.41647829545282], [16, 42.60527156384649], [17, 41.33732027153354], [18, 39.549224350647044], [19, 41.62392648299399], [20, 41.769788087856895], [21, 39.84684085606685]]]
[20, [[0, 65.0073206442167], [1, 65.0073206442167], [2, 65.0073206442167], [3, 65.0073206442167], [4, 65.0073206442167], [5, 65.0073206442167], [6, 65.0073206442167], [7, 65.0073206442167], [8, 65.0073206442167], [9, 65.0072171162112], [10, 64.86223034067861], [11, 56.26702893584024], [12, 47.289859712199956], [13, 45.027377978378446], [14, 44.77610552214018], [15, 43.710021474499044], [16, 46.86599534599006], [17, 43.894706135019725], [18, 42.781615636111106], [19, 41.960378126182505], [20, 37.002848735302415], [21, 37.99863304168415]]]
[24, [[0, 65.0073206442167], [1, 65.0073206442167], [2, 65.0073206442167], [3, 65.0073206442167], [4, 65.0073206442167], [5, 65.0073206442167], [6, 65.0073206442167], [7, 65.0073206442167], [8, 65.0073206442167], [9, 65.00732064421639], [10, 65.00732064399011], [11, 64.60194580217721], [12, 54.712686401187476], [13, 44.15753579039818], [14, 42.11006081354028], [15, 40.653269983076555], [16, 41.134104518074984], [17, 40.63215692048869], [18, 40.78275326176182], [19, 40.52735110825609], [20, 37.761289461555954], [21, 41.47157127687817]]]
[30, [[0, 65.0073206442167], [1, 65.0073206442167], [2, 65.0073206442167], [3, 65.0073206442167], [4, 65.0073206442167], [5, 65.0073206442167], [6, 65.0073206442167], [7, 65.0073206442167], [8, 65.0073206442167], [9, 65.0073206442167], [10, 65.0073206442167], [11, 65.00639181114784], [12, 63.63140227956194], [13, 51.267196425267365], [14, 41.65555990581482], [15, 39.61804731789836], [16, 40.15274578364604], [17, 38.55519652170175], [18, 37.82897151254946], [19, 38.931569065452116], [20, 40.21074284040085], [21, 38.51046763111499]]]
[40, [[0, 65.0073206442167], [1, 65.0073206442167], [2, 65.0073206442167], [3, 65.0073206442167], [4, 65.0073206442167], [5, 65.0073206442167], [6, 65.0073206442167], [7, 65.0073206442167], [8, 65.0073206442167], [9, 65.0073206442167], [10, 65.0073206442167], [11, 65.0073206442062], [12, 65.00441787890853], [13, 60.08497137670039], [14, 40.42541496218445], [15, 46.38428362203785], [16, 41.730363026046106], [17, 43.69826472685208], [18, 42.086176712431914], [19, 41.11565133003811], [20, 41.47805194861397], [21, 38.37636433166804]]]
[48, [[0, 65.0073206442167], [1, 65.0073206442167], [2, 65.0073206442167], [3, 65.0073206442167], [4, 65.0073206442167], [5, 65.0073206442167], [6, 65.0073206442167], [7, 65.0073206442167], [8, 65.0073206442167], [9, 65.0073206442167], [10, 65.0073206442167], [11, 65.00732064418989], [12, 65.00331142125167], [13, 64.45113505498658], [14, 55.30893504707633], [15, 44.16241065333423], [16, 42.993861207222686], [17, 40.58097511697607], [18, 41.94416965744625], [19, 38.74952059621637], [20, 40.6463691220286], [21, 38.262097907729704]]]
[60, [[0, 65.0073206442167], [1, 65.0073206442167], [2, 65.0073206442167], [3, 65.0073206442167], [4, 65.0073206442167], [5, 65.0073206442167], [6, 65.0073206442167], [7, 65.0073206442167], [8, 65.0073206442167], [9, 65.0073206442167], [10, 65.00732064421554], [11, 65.00732064103278], [12, 64.69740403499928], [13, 54.7432270461607], [14, 45.05552421567869], [15, 42.97708671867769], [16, 45.0716871766826], [17, 45.33714826428997], [18, 44.43081896298399], [19, 43.57038544539033], [20, 42.52455341201282], [21, 43.111935682332486]]]
[80, [[0, 65.0073206442167], [1, 65.0073206442167], [2, 65.0073206442167], [3, 65.0073206442167], [4, 65.0073206442167], [5, 65.0073206442167], [6, 65.0073206442167], [7, 65.0073206442167], [8, 65.0073206442167], [9, 65.0073206442167], [10, 65.00732064421429], [11, 65.0073206425094], [12, 64.90122716735733], [13, 59.35968224122535], [14, 46.22750220900367], [15, 44.3653379488551], [16, 44.916595006385], [17, 42.26384922148225], [18, 43.77724359677512], [19, 41.95737151078263], [20, 43.957303727862474], [21, 44.11131515064566]]]
[120, [[0, 65.0073206442167], [1, 65.0073206442167], [2, 65.0073206442167], [3, 65.0073206442167], [4, 65.0073206442167], [5, 65.0073206442167], [6, 65.0073206442167], [7, 65.0073206442167], [8, 65.0073206442167], [9, 65.0073206442167], [10, 65.0073206442153], [11, 65.00730866040244], [12, 62.76150994183417], [13, 46.451616649375495], [14, 44.45214322231433], [15, 44.07589093252128], [16, 44.43409205732324], [17, 40.950114468811435], [18, 43.30887676569604], [19, 44.335089879078254], [20, 42.52222802756813], [21, 43.21089014157334]]]
[2, [[0, 65.0073206442167], [1, 65.0073206442167], [2, 65.0073206442167], [3, 65.0073206442167], [4, 65.0073206442167], [5, 65.0073206442167], [6, 65.0073206442167], [7, 65.0073206442167], [8, 65.00732063009445], [9, 64.9025846281566], [10, 62.69819259904142], [11, 56.096003551836134], [12, 43.16234514389818], [13, 44.21540158227013], [14, 43.0655143618742], [15, 40.14326155507238], [16, 40.55144248263628], [17, 41.638444795076865], [18, 39.19382862596752], [19, 40.748111472701034], [20, 41.03087516269123], [21, 41.2425829519877]]]
[3, [[0, 65.0073206442167], [1, 65.0073206442167], [2, 65.0073206442167], [3, 65.0073206442167], [4, 65.0073206442167], [5, 65.0073206442167], [6, 65.0073206442167], [7, 65.0073206442167], [8, 65.0073206442167], [9, 65.0073206442074], [10, 65.00732064415917], [11, 64.501837691805], [12, 62.53979513011207], [13, 50.28511954356682], [14, 45.46891517871374], [15, 41.164359577932444], [16, 40.98580065970261], [17, 39.724837265839994], [18, 39.138652358412784], [19, 37.48388114510522], [20, 42.25023131483442], [21, 41.140747711266094]]]
[4, [[0, 65.0073206442167], [1, 65.0073206442167], [2, 65.0073206442167], [3, 65.0073206442167], [4, 65.0073206442167], [5, 65.0073206442167], [6, 65.0073206442167], [7, 65.0073206442167], [8, 65.0073206442167], [9, 65.00732064421643], [10, 65.00580465551567], [11, 59.66316808280687], [12, 46.673307999971314], [13, 40.84690486478107], [14, 39.25001101695403], [15, 38.86212901458832], [16, 34.58856609433597], [17, 36.19855874348302], [18, 33.12271200401845], [19, 29.61873363158438], [20, 33.74003414370024], [21, 31.461252202556857]]]
[5, [[0, 65.0073206442167], [1, 65.0073206442167], [2, 65.0073206442167], [3, 65.0073206442167], [4, 65.0073206442167], [5, 65.0073206442167], [6, 65.0073206442167], [7, 65.0073206442167], [8, 65.0073206442167], [9, 65.00731883429624], [10, 62.374812823057646], [11, 47.94304774629182], [12, 43.02695609118641], [13, 44.81905898807616], [14, 41.89925207431141], [15, 44.67236434627482], [16, 42.17239198783076], [17, 39.710898446545926], [18, 42.18872068386161], [19, 39.09175963559299], [20, 32.08623725537164], [21, 36.03961757383712]]]
[6, [[0, 65.0073206442167], [1, 65.0073206442167], [2, 65.0073206442167], [3, 65.0073206442167], [4, 65.0073206442167], [5, 65.0073206442167], [6, 65.0073206442167], [7, 65.0073206442167], [8, 65.00732064421595], [9, 65.00718308202148], [10, 64.30739465288701], [11, 58.452942697884666], [12, 46.46260386954847], [13, 40.760356669151285], [14, 40.24460035559771], [15, 42.2840572485993], [16, 39.45659340947364], [17, 41.42002872003545], [18, 38.970080042398074], [19, 34.818718495922184], [20, 36.303024141733175], [21, 32.74197428773084]]]
[8, [[0, 65.0073206442167], [1, 65.0073206442167], [2, 65.0073206442167], [3, 65.0073206442167], [4, 65.0073206442167], [5, 65.0073206442167], [6, 65.0073206442167], [7, 65.0073206442167], [8, 65.0073206442167], [9, 65.00732064421399], [10, 64.70508442489346], [11, 57.75590392643327], [12, 46.779454032741164], [13, 43.05896366106826], [14, 44.896683553364646], [15, 40.8214893396014], [16, 39.00504062046386], [17, 38.787035803041796], [18, 40.6142105070249], [19, 43.087993568192], [20, 39.866063125715755], [21, 39.684947313248834]]]
[10, [[0, 65.0073206442167], [1, 65.0073206442167], [2, 65.0073206442167], [3, 65.0073206442167], [4, 65.0073206442167], [5, 65.0073206442167], [6, 65.0073206442167], [7, 65.0073206442167], [8, 65.0073206442167], [9, 65.00732064320188], [10, 63.82430747833864], [11, 62.32869351800761], [12, 48.75645750746437], [13, 42.94504829811234], [14, 42.05112509222928], [15, 40.724274483704946], [16, 39.774633545420535], [17, 42.778594602514026], [18, 42.806462458697766], [19, 43.726256768820775], [20, 40.50504440308514], [21, 39.89328046114412]]]
[12, [[0, 65.0073206442167], [1, 65.0073206442167], [2, 65.0073206442167], [3, 65.0073206442167], [4, 65.0073206442167], [5, 65.0073206442167], [6, 65.0073206442167], [7, 65.0073206442167], [8, 65.0073206442167], [9, 65.0073206442167], [10, 65.00732053509805], [11, 64.4078471043844], [12, 52.56566231858828], [13, 45.91325897290003], [14, 46.436301121832166], [15, 44.514495897254285], [16, 46.9207541880101], [17, 44.269551542524574], [18, 42.917790297182776], [19, 42.9602965460042], [20, 42.01055732217322], [21, 39.14996936112681]]]
[15, [[0, 65.0073206442167], [1, 65.0073206442167], [2, 65.0073206442167], [3, 65.0073206442167], [4, 65.0073206442167], [5, 65.0073206442167], [6, 65.0073206442167], [7, 65.0073206442167], [8, 65.0073206442167], [9, 65.0073206442167], [10, 65.0073205042733], [11, 64.9958581257534], [12, 58.51934689467184], [13, 47.49080803850134], [14, 47.09192242902157], [15, 43.98068696513753], [16, 43.20538802130808], [17, 42.73317198796682], [18, 43.80300156585233], [19, 38.47263492020676], [20, 38.25723031311486], [21, 41.38664539151362]]]
[16, [[0, 65.0073206442167], [1, 65.0073206442167], [2, 65.0073206442167], [3, 65.0073206442167], [4, 65.0073206442167], [5, 65.0073206442167], [6, 65.0073206442167], [7, 65.0073206442167], [8, 65.0073206442167], [9, 65.0073206442167], [10, 65.00732064388123], [11, 64.96055808513266], [12, 62.12850030799117], [13, 47.52413129815639], [14, 43.190173270619944], [15, 41.55346370397304], [16, 42.3668296367202], [17, 45.225557586601155], [18, 44.27432375546382], [19, 43.15903349990084], [20, 40.47500880646199], [21, 39.75490071827943]]]
[20, [[0, 65.0073206442167], [1, 65.0073206442167], [2, 65.0073206442167], [3, 65.0073206442167], [4, 65.0073206442167], [5, 65.0073206442167], [6, 65.0073206442167], [7, 65.0073206442167], [8, 65.0073206442167], [9, 65.0073206442167], [10, 65.0073206442167], [11, 65.00732064419292], [12, 64.92785082885581], [13, 55.751173168855566], [14, 43.02417884345785], [15, 45.578606973914276], [16, 46.290822596222206], [17, 43.10743147506881], [18, 42.63595753454835], [19, 43.231372834663475], [20, 42.96108688540534], [21, 40.469406999767024]]]
[24, [[0, 65.0073206442167], [1, 65.0073206442167], [2, 65.0073206442167], [3, 65.0073206442167], [4, 65.0073206442167], [5, 65.0073206442167], [6, 65.0073206442167], [7, 65.0073206442167], [8, 65.00732064421656], [9, 65.00732064300958], [10, 64.55127759337749], [11, 56.62840007546931], [12, 42.96802436696282], [13, 42.310526325905094], [14, 44.68385424319196], [15, 42.415626547514876], [16, 41.99760642191654], [17, 42.12736396650619], [18, 39.84896431377834], [19, 43.9530412115073], [20, 39.18705041166185], [21, 40.78920371496412]]]
[30, [[0, 65.0073206442167], [1, 65.0073206442167], [2, 65.0073206442167], [3, 65.0073206442167], [4, 65.0073206442167], [5, 65.0073206442167], [6, 65.0073206442167], [7, 65.0073206442167], [8, 65.0073206442167], [9, 65.00732064421669], [10, 65.00732064421669], [11, 65.00731591490012], [12, 63.310726993960856], [13, 50.52175380416354], [14, 45.113580079844354], [15, 46.522559298992086], [16, 45.35141601989234], [17, 41.73305871746684], [18, 39.13394605316444], [19, 44.67718165347274], [20, 42.83677400245215], [21, 41.25484709789848]]]
[40, [[0, 65.0073206442167], [1, 65.0073206442167], [2, 65.0073206442167], [3, 65.0073206442167], [4, 65.0073206442167], [5, 65.0073206442167], [6, 65.0073206442167], [7, 65.0073206442167], [8, 64.70717423130512], [9, 65.0073206442167], [10, 65.00732058190162], [11, 65.00455921743577], [12, 61.68117246060169], [13, 48.54993787199916], [14, 45.357912051322366], [15, 45.50128585485958], [16, 39.05472350992883], [17, 41.38762168602602], [18, 44.88061650255227], [19, 43.37092720793366], [20, 41.119427278232656], [21, 39.14210699058745]]]
[48, [[0, 65.0073206442167], [1, 65.0073206442167], [2, 65.0073206442167], [3, 65.0073206442167], [4, 65.0073206442167], [5, 65.0073206442167], [6, 65.0073206442167], [7, 65.0073206442167], [8, 65.0073206442167], [9, 65.0073206442167], [10, 65.00732064421317], [11, 64.60255324836301], [12, 61.85326075019724], [13, 48.30643855004986], [14, 44.57507212098431], [15, 45.39267236197852], [16, 43.68668184311958], [17, 44.681220354609245], [18, 42.47980527171556], [19, 39.94737556669382], [20, 40.16430424282749], [21, 39.49991632032779]]]
[60, [[0, 65.0073206442167], [1, 65.0073206442167], [2, 65.0073206442167], [3, 65.0073206442167], [4, 65.0073206442167], [5, 65.0073206442167], [6, 65.0073206442167], [7, 65.0073206442167], [8, 65.0073206442167], [9, 65.0073206442167], [10, 65.00732064421669], [11, 65.0073206442167], [12, 64.70717158115461], [13, 62.01497550626002], [14, 46.56663381768243], [15, 42.5872956154163], [16, 42.88563368843543], [17, 39.053764402647225], [18, 40.66862682007678], [19, 39.413879818125224], [20, 42.62224829601613], [21, 41.97204448910613]]]
[80, [[0, 65.0073206442167], [1, 65.0073206442167], [2, 65.0073206442167], [3, 65.0073206442167], [4, 65.0073206442167], [5, 65.0073206442167], [6, 65.0073206442167], [7, 65.0073206442167], [8, 65.00732064421669], [9, 65.00732064417778], [10, 65.00708755745418], [11, 60.71640386986813], [12, 46.39305965927983], [13, 43.866381552887525], [14, 42.854048661115826], [15, 46.2038709501304], [16, 45.584151771127146], [17, 44.812734184606995], [18, 42.687247642656786], [19, 41.64222673676574], [20, 41.45332241531563], [21, 43.269952759484376]]]
[120, [[0, 65.0073206442167], [1, 65.0073206442167], [2, 65.0073206442167], [3, 65.0073206442167], [4, 65.0073206442167], [5, 65.0073206442167], [6, 65.0073206442167], [7, 65.0073206442167], [8, 65.0073206442167], [9, 65.0073206442167], [10, 65.0073206442167], [11, 65.00731744661229], [12, 63.879283842745764], [13, 51.16230568585329], [14, 43.217117869278454], [15, 45.23445540961862], [16, 43.38747935124382], [17, 47.63164420477238], [18, 46.2927818135214], [19, 44.47629340926606], [20, 45.42878689222607], [21, 40.89832112670798]]]
[2, [[0, 65.0073206442167], [1, 65.0073206442167], [2, 65.0073206442167], [3, 65.0073206442167], [4, 65.0073206442167], [5, 65.0073206442167], [6, 65.0073206442167], [7, 65.0073206442167], [8, 65.00732064421635], [9, 65.00732064291937], [10, 64.28987104782917], [11, 59.94608557239791], [12, 48.03317493020018], [13, 48.77306121550006], [14, 43.61347835594661], [15, 46.02547551577197], [16, 42.39839229410832], [17, 38.91313210238921], [18, 30.149990451899967], [19, 32.87491210024519], [20, 31.994427630993815], [21, 31.251576739358086]]]
[3, [[0, 65.0073206442167], [1, 65.0073206442167], [2, 65.0073206442167], [3, 65.0073206442167], [4, 65.0073206442167], [5, 65.0073206442167], [6, 65.0073206442167], [7, 65.0073206442167], [8, 65.00732064421638], [9, 65.00732015869806], [10, 64.26316144882911], [11, 59.59122286716968], [12, 46.303605092990416], [13, 44.571290977985406], [14, 43.02448168638825], [15, 42.32480184882302], [16, 41.32800379633964], [17, 40.86865997365538], [18, 41.088647858028885], [19, 39.762374733688375], [20, 35.9602719886051], [21, 33.620637555926706]]]
[4, [[0, 65.0073206442167], [1, 65.0073206442167], [2, 65.0073206442167], [3, 65.0073206442167], [4, 65.0073206442167], [5, 65.0073206442167], [6, 65.0073206442167], [7, 65.0073206442167], [8, 65.0073206442167], [9, 65.0073206442167], [10, 65.0073206442167], [11, 65.00732064421037], [12, 65.00341728461441], [13, 64.37249149944934], [14, 59.171404600117725], [15, 43.9800811273665], [16, 40.99849551014542], [17, 41.54925611849068], [18, 39.793510178255474], [19, 38.16576862879654], [20, 44.23237781441174], [21, 42.35585719899354]]]
[5, [[0, 65.0073206442167], [1, 65.0073206442167], [2, 65.0073206442167], [3, 65.0073206442167], [4, 65.0073206442167], [5, 65.0073206442167], [6, 65.0073206442167], [7, 65.0073206442167], [8, 65.0073206442167], [9, 65.0073206442167], [10, 65.0073206441201], [11, 64.9842056830237], [12, 61.07874342899212], [13, 42.98229927281456], [14, 41.90978937313553], [15, 42.02175847762607], [16, 39.373672302115665], [17, 38.910321712194175], [18, 39.05549664149601], [19, 40.42334062194146], [20, 40.86384163387637], [21, 41.23238618048333]]]
[6, [[0, 65.0073206442167], [1, 65.0073206442167], [2, 65.0073206442167], [3, 65.0073206442167], [4, 65.0073206442167], [5, 65.0073206442167], [6, 65.0073206442167], [7, 65.0073206442167], [8, 65.00732064421659], [9, 65.00732063581452], [10, 65.00727463584295], [11, 61.06148125956015], [12, 47.59969158460208], [13, 43.877249295003296], [14, 40.97673846438225], [15, 38.1177154617234], [16, 41.72629693373741], [17, 38.081639809369435], [18, 38.09241456504036], [19, 38.72156340355493], [20, 37.254334670837956], [21, 34.645969575708214]]]
[8, [[0, 65.0073206442167], [1, 65.0073206442167], [2, 65.0073206442167], [3, 65.0073206442167], [4, 65.0073206442167], [5, 65.0073206442167], [6, 65.0073206442167], [7, 65.0073206442167], [8, 65.00732064421668], [9, 64.64773965933523], [10, 63.064459966250105], [11, 46.24655085294937], [12, 43.87928716556487], [13, 44.68971335076159], [14, 40.49044151497156], [15, 40.5517190670571], [16, 37.23921642556288], [17, 35.374845290949764], [18, 36.168313400256835], [19, 36.809479165374086], [20, 37.34795235652404], [21, 40.05176816752019]]]
[10, [[0, 65.0073206442167], [1, 65.0073206442167], [2, 65.0073206442167], [3, 65.0073206442167], [4, 65.0073206442167], [5, 65.0073206442167], [6, 65.0073206442167], [7, 65.00732064421665], [8, 65.00732064421648], [9, 65.0066524112079], [10, 60.70747063007493], [11, 45.15471872957447], [12, 40.805523113314614], [13, 43.39993479078461], [14, 38.199182698509986], [15, 42.251568744654996], [16, 38.640444134020555], [17, 41.29913442013342], [18, 37.41553092963785], [19, 37.727166649729064], [20, 38.59813482401891], [21, 38.08824775872702]]]
[12, [[0, 65.0073206442167], [1, 65.0073206442167], [2, 65.0073206442167], [3, 65.0073206442167], [4, 65.0073206442167], [5, 65.0073206442167], [6, 65.0073206442167], [7, 65.0073206442167], [8, 65.00732064367816], [9, 64.40647821287638], [10, 54.152839053379125], [11, 41.549587647446586], [12, 41.96108188162858], [13, 41.93685631921632], [14, 41.04810694613101], [15, 40.39471113361081], [16, 41.660327924683514], [17, 37.00836923327382], [18, 37.49688624488925], [19, 34.703548699984296], [20, 33.43759164153513], [21, 34.05118578290206]]]
[15, [[0, 65.0073206442167], [1, 65.0073206442167], [2, 65.0073206442167], [3, 65.0073206442167], [4, 65.0073206442167], [5, 65.0073206442167], [6, 65.0073206442167], [7, 65.0073206442167], [8, 65.0073206442167], [9, 65.0073206442167], [10, 65.0073206442167], [11, 65.0073206436893], [12, 65.00732064276772], [13, 65.00589571226843], [14, 63.35087266996207], [15, 53.53045716820262], [16, 45.28477408650582], [17, 43.49659470009114], [18, 43.203851277131015], [19, 41.581713500424286], [20, 41.26110648130359], [21, 40.8842750572886]]]
[16, [[0, 65.0073206442167], [1, 65.0073206442167], [2, 65.0073206442167], [3, 65.0073206442167], [4, 65.0073206442167], [5, 65.0073206442167], [6, 65.0073206442167], [7, 65.0073206442167], [8, 65.0073206442167], [9, 65.0073206442167], [10, 65.00732064421612], [11, 65.00731636187254], [12, 65.00694524115687], [13, 61.070254847815896], [14, 48.20421963936281], [15, 43.284178005384625], [16, 41.56460504460648], [17, 41.44553003560212], [18, 43.78560796351821], [19, 41.36305453367575], [20, 41.25596872826344], [21, 39.54714407374739]]]
[20, [[0, 65.0073206442167], [1, 65.0073206442167], [2, 65.0073206442167], [3, 65.0073206442167], [4, 65.0073206442167], [5, 65.0073206442167], [6, 65.0073206442167], [7, 65.0073206442167], [8, 65.0073206442167], [9, 65.00732064401703], [10, 65.00731343599739], [11, 64.81711783177767], [12, 59.30456963518483], [13, 48.739219470813], [14, 45.388109755079775], [15, 42.281147667598425], [16, 42.325734868612095], [17, 41.160859456087955], [18, 43.72500983232316], [19, 43.50415392229197], [20, 43.37689061616179], [21, 44.07574088798007]]]
[24, [[0, 65.0073206442167], [1, 65.0073206442167], [2, 65.0073206442167], [3, 65.0073206442167], [4, 65.0073206442167], [5, 65.0073206442167], [6, 65.0073206442167], [7, 65.0073206442167], [8, 65.00732064421504], [9, 65.00732055993033], [10, 64.05856595953513], [11, 55.6393664253579], [12, 46.326892135925775], [13, 41.66049201574376], [14, 42.84815019605596], [15, 42.30266072268032], [16, 41.89163125104769], [17, 40.32184735328054], [18, 39.59326139108604], [19, 45.497559450070916], [20, 40.71638095056178], [21, 40.26487113301035]]]
[30, [[0, 65.0073206442167], [1, 65.0073206442167], [2, 65.0073206442167], [3, 65.0073206442167], [4, 65.0073206442167], [5, 65.0073206442167], [6, 65.0073206442167], [7, 65.0073206442167], [8, 65.0073206442167], [9, 65.0073206442167], [10, 65.0073206442167], [11, 65.00732064421668], [12, 65.00732064414987], [13, 64.97378920003244], [14, 61.02683230757248], [15, 46.95601740948326], [16, 45.82468898352856], [17, 44.8345465965066], [18, 44.08481240753642], [19, 40.148197714856956], [20, 41.716374620106], [21, 41.99014396998598]]]
[40, [[0, 65.0073206442167], [1, 65.0073206442167], [2, 65.0073206442167], [3, 65.0073206442167], [4, 65.0073206442167], [5, 65.0073206442167], [6, 65.0073206442167], [7, 65.0073206442167], [8, 65.0073206442167], [9, 64.30193034947476], [10, 62.19166909690151], [11, 46.12990666396722], [12, 42.767661328703824], [13, 43.33065857723076], [14, 43.22957672040342], [15, 40.19553654607991], [16, 44.10091038076488], [17, 40.524367905799416], [18, 40.77430849115274], [19, 43.91873335164582], [20, 44.124409517779796], [21, 38.86871763820808]]]
[48, [[0, 65.0073206442167], [1, 65.0073206442167], [2, 65.0073206442167], [3, 65.0073206442167], [4, 65.0073206442167], [5, 65.0073206442167], [6, 65.0073206442167], [7, 65.0073206442167], [8, 65.0073206442167], [9, 65.00732064421662], [10, 65.0073206442167], [11, 65.00732025730524], [12, 64.61701161149779], [13, 59.29620410733789], [14, 44.78663777149459], [15, 41.28263960809587], [16, 41.40683093438055], [17, 44.78051912368964], [18, 38.995515191819486], [19, 44.53047835970543], [20, 41.27124133786274], [21, 44.42370268060765]]]
[60, [[0, 65.0073206442167], [1, 65.0073206442167], [2, 65.0073206442167], [3, 65.0073206442167], [4, 65.0073206442167], [5, 65.0073206442167], [6, 65.0073206442167], [7, 65.00732064421591], [8, 64.7071742073453], [9, 60.66132856010018], [10, 47.581516700766684], [11, 43.28161408389569], [12, 43.94139135923516], [13, 39.76331930333983], [14, 41.68199246962467], [15, 42.276840353275325], [16, 38.982412212159694], [17, 36.618708577297646], [18, 37.62199353364268], [19, 40.01352719277692], [20, 38.17216801453425], [21, 41.08146983613147]]]
[80, [[0, 65.0073206442167], [1, 65.0073206442167], [2, 65.0073206442167], [3, 65.0073206442167], [4, 65.0073206442167], [5, 65.0073206442167], [6, 65.0073206442167], [7, 65.0073206442167], [8, 65.0073206442167], [9, 65.0073206442167], [10, 65.0073206442167], [11, 65.00732064421665], [12, 65.00732064195356], [13, 64.67108372364835], [14, 55.814063176411835], [15, 44.39031294410983], [16, 44.75725939003148], [17, 45.538995690215344], [18, 43.11081555649804], [19, 43.038439683951246], [20, 42.25868097926236], [21, 40.53314835876937]]]
[120, [[0, 65.0073206442167], [1, 65.0073206442167], [2, 65.0073206442167], [3, 65.0073206442167], [4, 65.0073206442167], [5, 65.0073206442167], [6, 65.0073206442167], [7, 65.0073206442167], [8, 65.0073206442167], [9, 65.00732064417265], [10, 63.89719409923518], [11, 56.362326756520964], [12, 45.80908668231429], [13, 44.50659744582278], [14, 45.904164054498395], [15, 44.15649318044363], [16, 44.047316938376], [17, 43.4880322610684], [18, 44.52906403895947], [19, 45.26886234361185], [20, 42.59074377211016], [21, 44.034107479882586]]]
[2, [[0, 65.0073206442167], [1, 65.0073206442167], [2, 65.0073206442167], [3, 65.0073206442167], [4, 65.0073206442167], [5, 65.0073206442167], [6, 65.00732064421499], [7, 64.88642057365644], [8, 60.01747247390633], [9, 47.300848503842], [10, 44.39444332519017], [11, 42.2540687727596], [12, 40.62790334275452], [13, 37.39907394961863], [14, 37.1076445028807], [15, 31.42411118149697], [16, 29.097606507625503], [17, 30.529044010511985], [18, 34.645246309897715], [19, 30.366605568768733], [20, 27.8511065984225], [21, 23.81445111025259]]]
[3, [[0, 65.0073206442167], [1, 65.0073206442167], [2, 65.0073206442167], [3, 65.0073206442167], [4, 65.0073206442167], [5, 65.0073206442167], [6, 65.00732064421669], [7, 65.00732064421618], [8, 65.00732061525251], [9, 65.00150981536862], [10, 61.491276396406676], [11, 45.93766764411045], [12, 44.17416242280732], [13, 43.42962404410887], [14, 42.36866021029253], [15, 42.33930964212915], [16, 44.047187832040485], [17, 42.78957559986981], [18, 38.43719661591198], [19, 41.91879795768539], [20, 41.209160327826474], [21, 39.53215687710657]]]
[4, [[0, 65.0073206442167], [1, 65.0073206442167], [2, 65.0073206442167], [3, 65.0073206442167], [4, 65.0073206442167], [5, 65.0073206442167], [6, 65.0073206442167], [7, 65.0073206442167], [8, 65.0073206442154], [9, 65.00732064421669], [10, 65.0052272767973], [11, 62.5704667805626], [12, 48.73700964421707], [13, 43.91886988932396], [14, 43.13280974326279], [15, 41.00116149964497], [16, 42.88409863589145], [17, 43.043325101638615], [18, 42.762475462117386], [19, 40.99759100701716], [20, 40.878712239894305], [21, 40.91511329368597]]]
[5, [[0, 65.0073206442167], [1, 65.0073206442167], [2, 65.0073206442167], [3, 65.0073206442167], [4, 65.0073206442167], [5, 65.0073206442167], [6, 65.0073206442167], [7, 65.0073206442167], [8, 65.0073206442167], [9, 65.00732064421666], [10, 65.00730870739766], [11, 64.50368985549323], [12, 58.88585724790626], [13, 47.597938722109994], [14, 42.94261204839517], [15, 42.28792472672549], [16, 41.793353751456216], [17, 43.24711731380686], [18, 45.122954776687564], [19, 40.39719479306913], [20, 38.97232297001641], [21, 41.94024257267524]]]
[6, [[0, 65.0073206442167], [1, 65.0073206442167], [2, 65.0073206442167], [3, 65.0073206442167], [4, 65.0073206442167], [5, 65.0073206442167], [6, 65.0073206442167], [7, 65.0073206442167], [8, 65.00732064420993], [9, 65.00731515889188], [10, 63.7696706217501], [11, 54.17873429185258], [12, 43.36153189225643], [13, 39.66174322711302], [14, 38.83327716733072], [15, 40.27535975951703], [16, 37.87114526284017], [17, 42.25399468627403], [18, 40.164412136695866], [19, 38.94407558493603], [20, 39.07345321359333], [21, 38.289691790311835]]]
[8, [[0, 65.0073206442167], [1, 65.0073206442167], [2, 65.0073206442167], [3, 65.0073206442167], [4, 65.0073206442167], [5, 65.0073206442167], [6, 65.0073206442167], [7, 65.0073206442167], [8, 65.00732064018335], [9, 64.23102648233716], [10, 54.73561903278573], [11, 46.76406004777536], [12, 43.68153077854816], [13, 43.51449326284922], [14, 41.68516586567682], [15, 38.89066989201532], [16, 38.82478448832379], [17, 38.58547598679906], [18, 39.54192991374325], [19, 37.60673570429518], [20, 38.77518638492065], [21, 42.272729468394076]]]
[10, [[0, 65.0073206442167], [1, 65.0073206442167], [2, 65.0073206442167], [3, 65.0073206442167], [4, 65.0073206442167], [5, 65.0073206442167], [6, 65.0073206442167], [7, 65.0073206442167], [8, 65.0073206442167], [9, 65.0073206442167], [10, 65.00732064421669], [11, 65.00731820769474], [12, 63.63144135538299], [13, 53.7685248411902], [14, 41.03468293390583], [15, 41.48302553732772], [16, 43.250397527269335], [17, 41.486451888384885], [18, 39.34387715194434], [19, 41.822050834990364], [20, 41.85885397290895], [21, 43.01826858214733]]]
[12, [[0, 65.0073206442167], [1, 65.0073206442167], [2, 65.0073206442167], [3, 65.0073206442167], [4, 65.0073206442167], [5, 65.0073206442167], [6, 65.0073206442167], [7, 65.0073206442167], [8, 65.0073206442167], [9, 65.0073206442167], [10, 65.0073206442167], [11, 65.0073206442167], [12, 64.9198189451623], [13, 64.50551680452149], [14, 57.01981637975678], [15, 44.54103690021801], [16, 40.78049803391289], [17, 41.72354162938241], [18, 39.08964263735664], [19, 42.23334133878308], [20, 43.397736353047456], [21, 47.69459602251471]]]
[15, [[0, 65.0073206442167], [1, 65.0073206442167], [2, 65.0073206442167], [3, 65.0073206442167], [4, 65.0073206442167], [5, 65.0073206442167], [6, 65.0073206442167], [7, 65.0073206442167], [8, 65.0073206442167], [9, 65.00732064421594], [10, 64.9723171123881], [11, 60.52881085450103], [12, 45.11037865516681], [13, 43.52147977444868], [14, 41.911408435928074], [15, 36.08002675962274], [16, 39.03343449198594], [17, 35.82534863822501], [18, 34.444598505850344], [19, 33.21206540445965], [20, 35.616391867906984], [21, 35.123541124445815]]]
[16, [[0, 65.0073206442167], [1, 65.0073206442167], [2, 65.0073206442167], [3, 65.0073206442167], [4, 65.0073206442167], [5, 65.0073206442167], [6, 65.0073206442167], [7, 65.0073206442167], [8, 65.00732057839807], [9, 64.43185043547227], [10, 54.993120758818804], [11, 41.81364835171244], [12, 38.54591985985586], [13, 41.04680139935563], [14, 42.74798721067097], [15, 39.83691879688494], [16, 37.245949716483814], [17, 36.276706633254754], [18, 35.38195772612295], [19, 33.47725780628747], [20, 36.392894974277], [21, 39.10526666793092]]]
[20, [[0, 65.0073206442167], [1, 65.0073206442167], [2, 65.0073206442167], [3, 65.0073206442167], [4, 65.0073206442167], [5, 65.0073206442167], [6, 65.0073206442167], [7, 65.0073206442167], [8, 65.0073206442167], [9, 65.0073206442167], [10, 65.00732064396959], [11, 64.70422821436188], [12, 56.81211459170959], [13, 45.22035742579804], [14, 44.98938945778077], [15, 41.71368393882332], [16, 43.08889898774237], [17, 40.262972101525634], [18, 40.18712214608266], [19, 42.333651244208234], [20, 44.50980317351164], [21, 39.38353202893043]]]
[24, [[0, 65.0073206442167], [1, 65.0073206442167], [2, 65.0073206442167], [3, 65.0073206442167], [4, 65.0073206442167], [5, 65.0073206442167], [6, 65.0073206442167], [7, 65.00732064421547], [8, 64.0126029489826], [9, 54.436983401082394], [10, 47.63996007842835], [11, 44.41447830337294], [12, 40.81733979726295], [13, 42.2773973989772], [14, 38.499248912492], [15, 41.013840400614576], [16, 38.081989947677485], [17, 39.63129869728854], [18, 37.83883117890445], [19, 37.642458523447054], [20, 40.04424791803263], [21, 38.9815158561234]]]
[30, [[0, 65.0073206442167], [1, 65.0073206442167], [2, 65.0073206442167], [3, 65.0073206442167], [4, 65.0073206442167], [5, 65.0073206442167], [6, 65.0073206442167], [7, 65.0073206442167], [8, 65.0073206442167], [9, 65.0073206442167], [10, 65.0073206442167], [11, 65.00732064311119], [12, 65.00731568436969], [13, 62.765757088078075], [14, 49.76507433253177], [15, 42.32779495603736], [16, 41.443150464838794], [17, 42.63320922670871], [18, 44.22644420424295], [19, 43.17853389728894], [20, 41.75527591965858], [21, 44.53319498880055]]]
[40, [[0, 65.0073206442167], [1, 65.0073206442167], [2, 65.0073206442167], [3, 65.0073206442167], [4, 65.0073206442167], [5, 65.0073206442167], [6, 65.0073206442167], [7, 65.0073206442167], [8, 65.0073206442167], [9, 65.0073206442167], [10, 65.0073206442167], [11, 65.00732064414362], [12, 64.70697926051022], [13, 60.11061784384547], [14, 45.593467840287175], [15, 44.99858283782868], [16, 46.14514999597118], [17, 45.11952657587157], [18, 40.771168772044845], [19, 43.00157132706408], [20, 43.24835031624422], [21, 44.48989098069114]]]
[48, [[0, 65.0073206442167], [1, 65.0073206442167], [2, 65.0073206442167], [3, 65.0073206442167], [4, 65.0073206442167], [5, 65.0073206442167], [6, 65.0073206442167], [7, 65.0073206442167], [8, 65.0073206442167], [9, 65.0073206442167], [10, 65.00732049037788], [11, 64.38638545406496], [12, 53.09669771980965], [13, 42.27141026861211], [14, 47.549939402822936], [15, 44.536154997415736], [16, 42.28225563956581], [17, 40.013813859803875], [18, 40.5173505258024], [19, 36.57031074084999], [20, 38.64611642880487], [21, 39.968817928308084]]]
[60, [[0, 65.0073206442167], [1, 65.0073206442167], [2, 65.0073206442167], [3, 65.0073206442167], [4, 65.0073206442167], [5, 65.0073206442167], [6, 65.0073206442167], [7, 65.0073206442167], [8, 65.0073206442167], [9, 65.0073206442167], [10, 65.0044179879731], [11, 64.27330636683473], [12, 58.81857447098211], [13, 45.131710938375086], [14, 41.24919129595027], [15, 43.29160405974023], [16, 42.42987108830072], [17, 42.241841870941855], [18, 44.5380101020517], [19, 40.24893872074589], [20, 40.04119468181897], [21, 40.60686616239784]]]
[80, [[0, 65.0073206442167], [1, 65.0073206442167], [2, 65.0073206442167], [3, 65.0073206442167], [4, 65.0073206442167], [5, 65.0073206442167], [6, 65.0073206442167], [7, 65.0073206442167], [8, 65.0073206442167], [9, 65.0073206442167], [10, 65.00732064421626], [11, 65.00732036884047], [12, 63.60320863140513], [13, 49.03918617334141], [14, 46.50634394801534], [15, 44.1980328464578], [16, 44.35112349604611], [17, 44.30601010037765], [18, 43.26920927592695], [19, 45.13403993801644], [20, 43.666549678699354], [21, 42.37419589751924]]]
[120, [[0, 65.0073206442167], [1, 65.0073206442167], [2, 65.0073206442167], [3, 65.0073206442167], [4, 65.0073206442167], [5, 65.0073206442167], [6, 65.0073206442167], [7, 65.0073206442167], [8, 65.0073206442167], [9, 65.0073206442167], [10, 65.00732062053441], [11, 65.00723015541814], [12, 65.0023817317644], [13, 64.51659622595625], [14, 57.17974408498717], [15, 41.61950186193107], [16, 41.392940248327655], [17, 41.35442453911649], [18, 44.37369700624637], [19, 43.63060803895464], [20, 43.11813420287798], [21, 44.14231665632702]]]
