[2, 0.6500706751703774]
[3, 0.6500707196899069]
[4, 0.3450402858522811]
[6, 0.3087418246505931]
[8, 0.16239477597886065]
[9, 0.25828989480273334]
[12, 0.21631164203251269]
[18, 0.6495415364608087]
[24, 0.3448198091837451]
[36, 0.2102229759935374]
[2, 0.18427291909574214]
[3, 0.5511725942918501]
[4, 0.3043130454316082]
[6, 0.19800965100478385]
[8, 0.34214859526875635]
[9, 0.5952345562144891]
[12, 0.29044601030127015]
[18, 0.29430937174882243]
[24, 0.2525292488471629]
[36, 0.274418022653006]
[2, 0.3073185616636183]
[3, 0.1885109789977005]
[4, 0.2660263908894058]
[6, 0.22760848818860285]
[8, 0.19512816831502]
[9, 0.3603740273544108]
[12, 0.18174763355420342]
[18, 0.34001487540549036]
[24, 0.4509028213294563]
[36, 0.6475876386348199]
[2, 0.17504265190906168]
[3, 0.44530077700110265]
[4, 0.19768977573190263]
[6, 0.24575497222810921]
[8, 0.34292940223783586]
[9, 0.2100596630250384]
[12, 0.12112966460553998]
[18, 0.3172807355299914]
[24, 0.6427892898969635]
[36, 0.6407977020642457]
[2, 0.15927417222812318]
[3, 0.1835140825905515]
[4, 0.27737103799811935]
[6, 0.23460758683678667]
[8, 0.16746634154984166]
[9, 0.278185852562824]
[12, 0.24406888227472812]
[18, 0.3241162240018346]
[24, 0.3499122024505149]
[36, 0.23196928126015548]
