[2, 0.03612095027766743]
[3, 0.0841015488390216]
[4, 0.30767985235237977]
[6, 0.2534801525720476]
[8, 0.27756856161782983]
[9, 0.6040883537722065]
[12, 0.3503773559573376]
[18, 0.27642265713037206]
[24, 0.6500731661658616]
[36, 0.30130401597610973]
[2, 0.04160794823938791]
[3, 0.25127995114253576]
[4, 0.24664787455974632]
[6, 0.40579419941724737]
[8, 0.1581947861703124]
[9, 0.6140126880053463]
[12, 0.49483580883794115]
[18, 0.2308006775755984]
[24, 0.3439085132563922]
[36, 0.21714523706172265]
[2, 0.20346071275400726]
[3, 0.2910415755990988]
[4, 0.12926837745458186]
[6, 0.3123672127648252]
[8, 0.2806040265809222]
[9, 0.4445408003085235]
[12, 0.22364733525811023]
[18, 0.21930342199011887]
[24, 0.3131846958898234]
[36, 0.6025842999487975]
[2, 0.051921129927478264]
[3, 0.148274766612207]
[4, 0.024208378144047357]
[6, 0.10069872867324353]
[8, 0.528494821093836]
[9, 0.5930840110453991]
[12, 0.31010668161488286]
[18, 0.5399149481902383]
[24, 0.2952523922642529]
[36, 0.6171224089439471]
[2, 0.05871452317752072]
[3, 0.11420071799587328]
[4, 0.05678221328779505]
[6, 0.5359862784273528]
[8, 0.11241843030071993]
[9, 0.15802020655890955]
[12, 0.3321205230433548]
[18, 0.6100606271667713]
[24, 0.325958322130673]
[36, 0.2562759196648393]
