[36, 0.2446522897443387]
[48, 0.2753346956504495]
[60, 0.615674098381758]
[72, 0.43542342669734696]
[84, 0.3314422077659642]
[96, 0.28588763109910004]
[120, 0.3499267860197613]
[144, 0.6221960996267883]
[168, 0.34631023262391447]
[180, 0.33903639527097945]
[210, 0.3214924795044122]
[240, 0.5445015076327079]
[252, 0.6500173602453664]
[288, 0.34992677665243693]
[300, 0.3996309945529226]
[336, 0.3499267934438976]
[408, 0.3499267934216781]
[420, 0.3499267903808824]
[450, 0.34926592406707974]
[480, 0.3501677754529596]
[630, 0.35008332774878753]
[660, 0.34992679355783307]
[720, 0.34992679355783307]
[780, 0.34992679355783307]
[840, 0.3499267934906166]
[36, 0.23046967304830204]
[48, 0.2401157689036111]
[60, 0.6498124854860533]
[72, 0.3460602487442168]
[84, 0.6482037731416462]
[96, 0.6469327403664434]
[120, 0.649679771065341]
[144, 0.3143674132994679]
[168, 0.33509890222916044]
[180, 0.47640480253207007]
[210, 0.3319796981635044]
[240, 0.6500732064287845]
[252, 0.34601873705193237]
[288, 0.3264024204874156]
[300, 0.34992679355776385]
[336, 0.3569015269439838]
[408, 0.34992679355783307]
[420, 0.34991220395781825]
[450, 0.6485276901854398]
[480, 0.3499267935578041]
[630, 0.35166200725803165]
[660, 0.3499267935561829]
[720, 0.6500732064420627]
[780, 0.6500732064421669]
[840, 0.34992679355783307]
[36, 0.23664923465938553]
[48, 0.34650055908161537]
[60, 0.3231459652975469]
[72, 0.346151068699836]
[84, 0.3030649331873681]
[96, 0.6170709980486363]
[120, 0.6500732044580534]
[144, 0.34992679355783307]
[168, 0.337835830482551]
[180, 0.34990896562305823]
[210, 0.34986208701816895]
[240, 0.6496429028163563]
[252, 0.33111550200267686]
[288, 0.3496435331830465]
[300, 0.6500306781126184]
[336, 0.34992679355783307]
[408, 0.34933326114440144]
[420, 0.6123310111363758]
[450, 0.34992677088158]
[480, 0.34934683375586684]
[630, 0.3522912107760771]
[660, 0.3815116518126981]
[720, 0.34914392256182814]
[780, 0.349926793557833]
[840, 0.34992679355779266]
[36, 0.2921923300907766]
[48, 0.3488100932813322]
[60, 0.2758135429005506]
[72, 0.34965458275792777]
[84, 0.34992679344845523]
[96, 0.303785275138883]
[120, 0.6319188169280819]
[144, 0.47273014880706865]
[168, 0.3222618523389491]
[180, 0.32228625334840566]
[210, 0.349926793557833]
[240, 0.3485732142015972]
[252, 0.6298609066660585]
[288, 0.3451499258658082]
[300, 0.3499267935574388]
[336, 0.34942045885081513]
[408, 0.6500695842623762]
[420, 0.6500570192441223]
[450, 0.34992679355556505]
[480, 0.6500732064421669]
[630, 0.34992679355783207]
[660, 0.5886168344916409]
[720, 0.34992679355783307]
[780, 0.34992679355783307]
[840, 0.34992679355783307]
[36, 0.2724157201209573]
[48, 0.2422671632421619]
[60, 0.2885020785810621]
[72, 0.6378462811000063]
[84, 0.34980724307505784]
[96, 0.644247583089137]
[120, 0.3568331981502092]
[144, 0.35177657688938024]
[168, 0.3499267927350233]
[180, 0.34992673041938843]
[210, 0.4436238037434917]
[240, 0.6500729907216856]
[252, 0.6457954040219932]
[288, 0.36216457025472204]
[300, 0.34992679355778755]
[336, 0.645300910596685]
[408, 0.337047093370119]
[420, 0.3499266564099704]
[450, 0.6500732064421669]
[480, 0.3581141911140341]
[630, 0.4247645909123378]
[660, 0.34992679355783307]
[720, 0.4453012054532537]
[780, 0.42299643309840657]
[840, 0.34968443073860095]
[36, 0.24958509163909443]
[48, 0.3016481220305506]
[60, 0.269014811227019]
[72, 0.34904961811020613]
[84, 0.3494719507293046]
[96, 0.633792600221863]
[120, 0.34992009003960606]
[144, 0.3499254604384678]
[168, 0.34992679355783307]
[180, 0.649995863541558]
[210, 0.34992679355783307]
[240, 0.6500732064024827]
[252, 0.33937659067257053]
[288, 0.3499267935563372]
[300, 0.6500619069718655]
[336, 0.3550028718667135]
[408, 0.4409676700922516]
[420, 0.6500732064419426]
[450, 0.6500731565578208]
[480, 0.34992679355621725]
[630, 0.34939644618873206]
[660, 0.34992679353981143]
[720, 0.34992679355783307]
[780, 0.3499267935538678]
[840, 0.34992679355783307]
[36, 0.36710649047082294]
[48, 0.2718506168462263]
[60, 0.24627419157401728]
[72, 0.3798797207446725]
[84, 0.3499265644675431]
[96, 0.34900255745499364]
[120, 0.5379585901266966]
[144, 0.3499267754063238]
[168, 0.5773291520231038]
[180, 0.3499267935578328]
[210, 0.3505815109828238]
[240, 0.6500732064421669]
[252, 0.6151951681834364]
[288, 0.34992679355783307]
[300, 0.34974131906330985]
[336, 0.44128425549364425]
[408, 0.3497908565218646]
[420, 0.43252046489404755]
[450, 0.34992679355782197]
[480, 0.34992679355756556]
[630, 0.3499267935578163]
[660, 0.40349210741597796]
[720, 0.3499267935577699]
[780, 0.34992669015719363]
[840, 0.34992280918243085]
[36, 0.3497349336457429]
[48, 0.5414983701050442]
[60, 0.4039545164616972]
[72, 0.5676345803145724]
[84, 0.6329701322902843]
[96, 0.2953736524948186]
[120, 0.649018134017008]
[144, 0.6500728039881876]
[168, 0.34819866955211415]
[180, 0.3499207569244236]
[210, 0.36428928077579326]
[240, 0.34991350647336994]
[252, 0.34990542392914586]
[288, 0.34949267211453977]
[300, 0.3499266941302358]
[336, 0.6500731695114189]
[408, 0.6480387627982707]
[420, 0.34925401069867673]
[450, 0.34712591536809706]
[480, 0.34992679355783307]
[630, 0.34992679355783307]
[660, 0.3505822237459222]
[720, 0.3515848544299309]
[780, 0.34992679355783307]
[840, 0.34992679355783307]
[36, 0.3015745974993796]
[48, 0.6485446837290987]
[60, 0.6500206562061858]
[72, 0.34904584637195135]
[84, 0.34925806230402356]
[96, 0.6431428445232132]
[120, 0.6500719847060855]
[144, 0.3445580983082758]
[168, 0.6189585314237]
[180, 0.3499261722474773]
[210, 0.34978870355242137]
[240, 0.35433804841204675]
[252, 0.32854108407693566]
[288, 0.5593603713866999]
[300, 0.3630497565802075]
[336, 0.5866756757950731]
[408, 0.47000755619388135]
[420, 0.5694138644813332]
[450, 0.3484938727113193]
[480, 0.34992679355783307]
[630, 0.34992678981622644]
[660, 0.6491821816187853]
[720, 0.6500732064421632]
[780, 0.4355766117014894]
[840, 0.350120173429634]
[36, 0.3280237957932944]
[48, 0.3372848684522586]
[60, 0.3007680246659492]
[72, 0.34566598232068574]
[84, 0.3492116850101983]
[96, 0.6303634190644353]
[120, 0.2877677821475549]
[144, 0.6500732062868266]
[168, 0.42021605318283034]
[180, 0.36262933585424995]
[210, 0.48781286661797907]
[240, 0.3414709651821525]
[252, 0.4492389089087762]
[288, 0.3499266815945814]
[300, 0.637204668008957]
[336, 0.650073206442166]
[408, 0.35003050936542235]
[420, 0.4069756067111054]
[450, 0.5532220372094918]
[480, 0.3499267934234994]
[630, 0.5759094975354764]
[660, 0.35006958568841146]
[720, 0.35003208237363476]
[780, 0.6500732064421669]
[840, 0.34992679355783307]
